1. {2485633537, 177152004, 2661920265, 255084042, 2312837134, 2655389208, 1684291096, 2885393435, 2100576291, 2130456104, 166615085, 1604723759, 2313657906, 2168614452, 161269817, 1889475642, 2150887997, 2004861503, 2609987651, 2309553220, 24574532, 1981209670, 2064592969, 1988519498, 2443967568, 318894673, 316691536, 2302862425, 2161866848, 2805279840, 2128170596, 1566711909, 2550290020, 2949025389, 2595437681, 1893736562, 1537048691, 2187581557, 2032270973, 1572478601, 371500171, 2192616082, 2038901907, 2189262995, 2101434519, 2116681370, 168172700, 1980701853, 2617321643, 2544443577, 2058584252, 2345664702, 1912135871, 2654384320, 2973856962, 2053214915, 2080686788, 2109587139, 2806907591, 2160888527, 2134498512, 2032345308, 1111049960, 712415982, 2192737520, 670306551, 2209303800, 2107302653, 284430083, 2938895627, 1990510348, 2632800540, 133767967, 2072849696, 163924767, 2169650468, 2127973671, 1898836778, 2095782188, 2953371951, 2020289842, 1910597427, 2037010747, 2882719549, 2012736320, 2105657664, 130200899, 2037866308, 2172053321, 2028784970, 2308824398, 2149131086, 2397241174, 2063114072, 2291088731, 1904534369, 1960353634, 2620180323, 2522648935, 2080344424, 2328522601, 2092605288, 2133066616, 662855036, 2016539005, 2162369918, 1034661245, 2116332931, 2117496196, 278754694, 2020781963, 1974025617, 2106500497, 1973162899, 303327648, 2469499809, 1281575332, 2155890085, 2077020583, 36172711, 19414955, 2224929196, 2018810797, 270351283, 2420433332, 2160652726, 2226538938, 2618550202, 2736861629, 2691474368, 2003447744, 2786373057, 2955258819, 2780658116, 309515214, 2249177550, 2122791383, 1856923607, 2029583323, 101938652, 2148425697, 2122328552, 2277160431, 2778121718, 2007149047, 2233962492, 241899517}

2. {1972291593, 2165875728, 2158987803, 2108210217, 2097703981, 2006682166, 132303927, 512556102, 2619694662, 2093953614, 2088212047, 2464094287, 242415709, 2619145315, 2192063591, 289005672, 167589996, 2285762679, 1986182274, 2096859791, 677722270, 2858415774, 1992641199, 2479939765, 2134439617, 2920841950, 139967712, 2098954979, 2148448995, 2108769517, 2107589357, 2466810105, 2584127737, 2296948990, 2468960519, 2048266507, 1982686475, 2165111055, 2171367185, 1273563922, 2042048789, 2260861727, 2063782688, 1691279138, 2086114595, 311375655, 2232397101, 2190151475, 2510924085, 135252792, 2118271290, 2165695307, 738438988, 648491341, 2596656977, 2330451, 2142689629, 1133076831, 2040186208, 2009081702, 2127243113, 2737211241, 2121586545, 251023228, 2041520510, 2512381318, 1994357136, 2777174945, 2103829928, 2307616684, 2062380982, 1984316343, 2135804864, 2694804417, 155277768, 2550150095, 242635728, 301283286, 2342882263, 1982327768, 297432538, 2095381979, 738756060, 2160774113, 2148550123, 2735594999, 2231647228, 2167617533}

3. {2556322307, 2142724104, 2805789193, 2912415756, 2523121169, 2298118675, 2169363483, 2108011552, 1985648170, 2239320619, 2531916331, 2112067655, 2635422279, 2150814284, 2165788238, 2232375382, 1998419034, 2193999452, 2483473501, 2968337513, 2161135216, 1375400056, 2095953017, 2134830209, 2143687321, 2150527135, 198285984, 254766753, 2917479589, 229038272, 2689542854, 2229253834, 2558050507, 2344260300, 2261047503, 2051750615, 2108390110, 2205924584, 2139423477, 2021036281, 2152055551, 2029568768, 2062010626, 2141840149, 2302610210, 2537308456, 2181724469, 2524462901, 243317564, 2096074559, 2362630976, 2129867074, 2009645378, 2949166917, 2704209241, 2099978586, 2567649626, 2291132764, 2304993124, 2147539308, 2019021678, 2151859571, 2059277171, 2100565365, 2523407221, 2116323195, 2505321855, 2183542146, 2103336841, 2589844882, 2137725330, 2344158098, 2551033752, 2042309534, 2098223009, 430121905, 2230249395, 2462785460, 2161010623, 57053632, 2168485313, 2499278789, 2484040650, 2171800532, 2255504348, 11820511, 426874850, 2022822378, 1978915323}

4. {193178368, 235001993, 2112820747, 2121236236, 2490060940, 2012499344, 2092639762, 2130881427, 2790495380, 2206712854, 1518321175, 2250490518, 2429185046, 2137854364, 343171996, 2023254819, 2170892963, 2096029477, 2023626662, 2166641447, 2124657829, 2240528681, 288626473, 2118586410, 207969196, 2489899178, 751038373, 2171234738, 1484279603, 259249205, 86199990, 2014469688, 2777047099, 2509467199, 2277778369, 2021686850, 2470363587, 2086475204, 2239053892, 2005577924, 2128657275, 2269886024, 2279407096, 1186584138, 2692458818, 2767407044, 2224570189, 80354510, 2292250447, 2482715602, 2112925650, 92438100, 2169226194, 169598168, 2007049433, 2074453466, 2151264347, 278177626, 2715690588, 2142388449, 2303156069, 2095673574, 1531155176, 2094301929, 20281835, 2072292845, 2097273326, 2096833007, 2009916527, 1770329841, 2165137138, 2023117810, 136708976, 274891381, 252479729, 2599431153, 2073631992, 2461368180, 2129072251, 2111387516, 2169901821}

5. {1994240001, 2132618373, 2117656073, 2556717708, 1810360850, 1764448532, 2171819543, 1973210777, 2145928477, 277843997, 36286238, 2700151585, 2464448550, 2223736107, 2096887853, 2256905521, 2239241780, 2066975796, 282980150, 1979429815, 2566460218, 1247940802, 2148142019, 2162740804, 2778630342, 184409032, 2004878410, 2706440653, 2304140494, 2470180175, 134769616, 2111406810, 2096599005, 2079278047, 1220761185, 2135215972, 2151014374, 2105735912, 39115121, 2538077558, 2122268670, 610644735}

6. {2035876866, 2116836739, 2045157892, 2130181892, 2674849924, 2700953612, 2300711308, 2110501006, 2109954189, 1986033680, 2148022289, 2583656720, 2427243148, 2656283669, 2162752662, 2120348443, 2702409756, 2116155808, 2140714400, 2678872867, 2101279140, 2138722980, 2113276713, 2135302315, 2130712876, 2497095473, 2598605361, 2119739827, 2141326772, 2127632057, 2285338435, 66739780, 2165888709, 2683781446, 2168176072, 2099379656, 2114357324, 2137603918, 2104512981, 2591117145, 2155265242, 2157689689, 2396073053, 2163103719, 2118530536, 2515560682, 2108673390, 2110230645, 2562268280, 2126599162}

7. {2155193350, 136888070, 2044129544, 2301637896, 2570615947, 2304713483, 2117499156, 2395024022, 2514263958, 2627995287, 2158932634, 2279335322, 2107142044, 1517651870, 2503171999, 2279520417, 2122351653, 2250300074, 2097306286, 2010238386, 2505588532, 2178816185, 617670330, 2035224764, 2467733054, 2285015872, 315739715, 2018227268, 2718747388, 279168326, 2090128582, 2238207816, 2264677196, 2167134412, 2106882380, 297118547, 2261367123, 247755989, 2139177686, 2195050966, 2569207891, 164824025, 2189524569, 2479480413, 2285060831, 2937705183, 2114683746, 131186531, 2401433957, 2615464551, 2035346540, 1313188078, 2659318511, 2198766192, 2226262640, 2198983026, 2680176243, 2280654194, 2152814967, 2300062457, 1878631932, 2003576574}

8. {2561449537, 2947126498, 2560879651, 2607421252, 2797618501, 2155137863, 1971334216, 2421711721, 2337629383, 2141705163, 2517210667, 2102791789, 2008726728, 2232911153, 2567468530, 2845362647, 2426295800, 2191719801, 2628299646, 2155316287}

9. {2480643200, 2295314820, 2149169927, 2493313805, 2301968909, 2608526869, 2892429210, 2561926301, 2100817443, 2100667814, 2125069230, 2737257653, 2340558518, 2105620155, 2237481278, 2153839941, 2212399178, 2781013714, 2809698391, 2427490396, 2276383582, 2498219105, 2911831148, 2132213614, 2149659377, 2124912249}

10. {2154409344, 2797013379, 2132891653, 2328658054, 244473863, 1987609480, 1991626505, 1976640904, 2143166727, 2514783114, 2102142094, 2517189263, 2097765390, 2409618833, 2095669906, 2105279251, 2192500626, 2138192401, 2915776662, 2699539735, 2707739930, 2103999387, 2167742109, 2633818787, 2492098468, 160571302, 298237991, 2947075240, 2426402601, 2045340971, 2160207663, 121405744, 2052189873, 2751828274, 2102454835, 297038259, 2986899380, 2700651186, 1966126136, 148197049, 2096829243, 2104185790, 2432732352, 2101048513, 2619064001, 2491881922, 2158078532, 2122471237, 2591388101, 2155579207, 2530970829, 2036853455, 1454679632, 2150351570, 2778106710, 2285816794, 2306158810, 2761278044, 2101922781, 2312000221, 2062090202, 1260688485, 2614350313, 2141663339, 1264356972, 2063882350, 1242455151, 2339630063, 2619985137, 2674416884, 2169227892, 2898642168, 2101509626, 47705723, 2791575804, 2306900094}

11. {284171264, 2035755270, 2892669962, 2152206228, 2048157592, 178451354, 340253981, 2936723753, 2121178673, 2149341496, 729227961, 2169305403, 2492472387, 2637284424, 2070296011, 2936186189, 2113956430, 2170576845, 2138531792, 2503966811, 1984940772, 2014991465, 2112027886, 2111050734, 2011562607, 2006674552, 395389946}

12. {715021696, 2575217153, 1997627650, 2005053826, 1887673601, 1977649925, 2589577, 281476361, 1981155731, 2940745496, 2144579353, 2975840798, 2002718369, 2924230307, 2762208036, 3786149, 2683343524, 2484059044, 140676520, 211812777, 271130660, 2949751979, 2293620524, 2157364398, 2156135343, 2134151728, 2167964723, 2028927923, 2046376243, 1858955830, 35872053, 2652544568, 2128393788, 1500202045, 2166249280, 2953025344, 2921830466, 2104888899, 2150978211, 2271754566, 2516765381, 339370955, 2712380323, 2149886414, 2493786960, 2129669204, 1624679253, 2023387093, 2954596826, 1925374043, 157741918, 2961989214, 2240607585, 2973866723, 2216095205, 2210580843, 1921173107, 1845138038, 2018313466, 2122804990, 2670085759}

13. {156417696, 2764080610, 1970912646, 2080198120, 1569549514, 2281680109, 2120617359, 2215287472, 2162041713, 2133447601, 2122006335, 2570998045, 1980028159}

14. {183722240, 2100554498, 2717681412, 2298166661, 659530374, 2111596939, 2923204491, 2169925262, 2721445647, 2498491921, 2321549074, 2137747219, 2510738453, 2565142550, 2717986583, 2692648732, 2944302109, 2227214366, 157622691, 2691349669, 283404455, 2114921128, 2121310506, 2221257390, 2289542319, 1690634799, 2282701359, 90224947, 22135093, 1999770807, 2054555191, 2479609018, 2115883070, 297969600, 2670173377, 2400164672, 2145260995, 1982785356, 2152194765, 1969582158, 1973247951, 2424090063, 60139091, 2148329557, 2603447383, 2422299352, 181270745, 2510858842, 120651226, 2021640924, 2248590170, 2927036637, 2473659101, 2119641056, 72441953, 2123304929, 2112824674, 1576801125, 691479014, 2528434920, 1970391018, 2221004268, 2138495596, 2663912684, 1526086892, 2133534449, 2666261747, 2142932598, 2020801783, 1995962232, 2003447161, 2435751034, 2168470652, 1974613367}

15. {2108362240, 1817936516, 2109879686, 2519922951, 2121178374, 2133571848, 1872234761, 1981906831, 2140989583, 2076182545, 2133337488, 2487451792, 2556182031, 2443577753, 2104121242, 2634725275, 2156033562, 2119954973, 2130612383, 2066159008, 1502939172, 2184443428, 2170865064, 2259645355, 2305755055, 1849627065, 211780538, 2157666745, 2149492284, 2142518979, 351197510, 2171689288, 2438699337, 2965227977, 2235620040, 2124873033, 2143448784, 2119161170, 2956939987, 2245984085, 2686770909, 2419457631, 2121457248, 2199335272, 2141264876, 1269340910, 2171713006, 2147282416, 2250998000, 2194200048, 2125613682, 2138546940}

16. {2249617921, 2152966786, 2186831745, 2149434754, 2481352837, 2582386572, 2011044364, 1204061966, 2121989902, 1075592465, 2037585042, 2162012049, 1268677781, 2283138711, 2951517468, 2112999452, 2103369886, 1969571361, 2484195747, 2148066727, 2018949929, 2409260842, 1800007723, 2126073644, 2137151277, 2668006830, 2495993006, 2129170864, 2501580337, 2160479021, 2417153716, 2169472820, 2125714999, 2019029176, 2171972029, 2289692871, 2143603016, 2234508751, 2090109395, 2261807832, 2121359192, 2798491483, 2133966816, 2148468833, 2167366370, 2155154275, 2109349986, 2012385898, 2148168557, 2099647344, 820547186, 2469620852, 2141377524, 1972177269, 2033403132, 1853234685}

17. {2001425411, 2060378757, 2117174536, 2143047568, 2112859155, 2603014296, 2210309656, 2116484384, 1171453863, 1354816936, 2584726834, 2183004852, 2095215669, 2096884534, 341386165, 2520453047, 1617862073, 2694231996, 2031945151, 215131072, 1843466435, 2137074633, 2305923531, 2470130636, 2191276622, 2074451410, 2282064595, 2103160788, 2302541017, 1982116827, 2665135325, 2091266144, 2014508897, 563069026, 1994620265, 2120044660, 2277055860, 2110299510}

18. {2267188738, 1954261512, 2777638408, 251052554, 2160942610, 1769445404, 2964741150, 2566124581, 663426097, 2550850099, 2106120769, 2179769924, 1735999048, 2513940554, 2092672596, 80220757, 1908865110, 2255246427, 2169643102, 2115109986, 2035978339, 2150131303, 2064583791, 2951344242, 664231056, 2024621201, 66742930, 2468668054, 2686305946, 2160442546, 2619714229, 2276738233, 2113496268, 2288952527, 2082894032, 2015383761, 1983098590, 2144214750, 1966735589, 175779560, 1835833577, 111233263, 2136626448, 2252608274, 2437776675, 2225638692, 2106676007, 2704475440, 2126082358, 2136162111, 2159031116, 2171087181, 2175232850, 2308666198, 169445216, 2326834017, 2110367587, 158112612, 280947557, 2137814887, 2417310568, 2114473328, 2679597945, 254054780, 2138763645, 2138105726, 2034830207, 2163216773, 1972582278, 120466312, 2141904778, 2033534366, 2119721379, 131065259, 409595830, 1483583928, 1977456590, 18953175, 2103969243, 2792877023, 2078633956, 2119542244, 112407019, 672946669, 1969487857}

19. {2104641164, 2102611474, 1984832408, 102660889, 2114963871, 149889958, 2250492455, 2342852903, 2070867630, 2158816953, 2402050362, 2147114560, 2061803331, 2780916045, 2200264148, 2137000917, 2770713813, 2000740313, 2100767082, 2171539438, 2145458672, 2151224058}

20. {2466987623, 2493846535, 284181640, 2101964938, 85537834, 2211520751, 99325522, 2085767126, 2467740887, 2286931549}

21. {2125193858, 1981931012, 1999069192, 2045095944, 2565831568, 2111416850, 144686356, 179778838, 2761071510, 2461135768, 1828928408, 1939703193, 2405171866, 2271037092, 2065379623, 2009777195, 1900016303, 2167697970, 2226783795, 2628434994, 2754144952, 1992112313, 2396591930, 2136889405, 2047782467, 1221219011, 2179365829, 2527582025, 2510858442, 2442822222, 2012438991, 2066314578, 2553485778, 2515818717, 2761742941, 921193823, 2034698336, 2104519264, 1624046946, 2003540582, 2265343206, 2589372010, 2511882603, 2616320108, 2100373868, 2108305646, 2056869360, 2951126644, 2662459126, 307844215, 2344754685}

22. {1981638017, 2157112897, 328186532, 1923115076, 2079978182, 2806643110, 246708073, 2032102379, 2092877580, 2115118701, 2279749166, 1206765324, 16705875, 2104401652, 2086040183, 2068608856, 243981275, 1389458012, 2167404190, 2064984895}

23. {2051956577, 2284344707, 2238283877, 1964253561, 1276936747, 1974981292, 2006356947, 2170869525, 356610775, 1999489753, 1993323803, 2203547071}

24. {2950850050, 2186211331, 2192679303, 2657391372, 2123370898, 2251795989, 317192602, 2050754209, 2263011237, 2141630898, 93198007, 2892443067, 2646684094, 2101389519, 2333099729, 2158620633, 2118479066, 2303066735, 2252852592, 2302858353, 2199253878, 42138872, 1907357561, 2669195515}

25. {1838844815, 2147669519, 18301080, 2302750490, 2504572445, 2124967328, 327757988, 57083941, 2143089062, 2166897319, 2111092269, 2040505518, 2792718004, 2476763573, 2026469688, 2216252091, 2911787580, 2338117446, 2461661639, 264277963, 2911375054, 2066665679, 83166806, 1446033523, 2427410425, 2139723518}

26. {2476880648, 2224734472, 2479954448, 2081463322, 333189659, 2000897436, 2422457627, 2503679655, 2778599336, 2127499438, 2562384559, 2137124533, 2556942265, 2468732989, 2192483133, 2684575809, 2492219974, 2068231623, 2263019976, 2111600720, 2136297185, 2951171686, 2159323111, 2295188966, 2102252270, 2023344625, 2109513205, 2078517239}

27. {2353884032, 2169342471, 727719436, 68611093, 2114681622, 2124668569, 2100683166, 2154019360, 2032985511, 2595807783, 2894275755, 2786800433, 2078733490, 2099091510, 2279633593, 1994434233, 2546028236, 2749203917, 2113868374, 2103844955, 2272469598, 1198110563, 2033465446, 2434584172, 2476938860}

28. {2136132740, 657437189, 2129721733, 2309194119, 2164061828, 2237113085, 2378943246, 2111799824, 2152129939, 2130148372, 2156584598, 162253719, 2064347415, 2712668055, 2154645919, 2248948771, 1932791462, 1767982378, 2099325229, 2102570927, 212974769, 2597470647, 1748740921, 2133778237, 2069025853, 2189683265, 2044205123, 2127850435, 2213515591, 268424907, 2164572878, 2221300944, 2288456018, 2112909399, 2011819992, 2154903899, 2108290779, 2585028062, 2111193824, 2142033125, 2169745382, 2132843495, 2057957737, 324225515, 2514005620, 2977671541, 730122487, 2125917816, 2090152442, 2043615867, 193620349}

29. {2279725060, 2116333191, 55380488, 2234086281, 1902127369, 2206974089, 52482323, 2102101654, 2010648985, 1845223583, 2620408480, 2137543585, 2560534435, 1902942371, 1226131238, 2587861929, 2038319787, 1044551098, 2509566910, 2504896833, 1278721609, 2780297547, 2127322060, 1448039523, 1983134822, 2224168553, 1981435375, 2973354483, 2016079220, 1968686581, 2114318968, 2143118458, 2179953790}

30. {2468049152, 1963576484, 2496948775, 2241827754, 2100971276, 2714534221, 2076579854, 2124413231, 2128721840, 2207613680, 2271586418, 2134269139, 156318388, 2633987352, 2507508090, 2130645691, 2126473756, 2120934782}

31. {2049499784, 2555656328, 2498847882, 2139110026, 339639820, 2019566994, 1562323604, 2267218070, 2144493081, 2227437339, 2154201502, 2118732703, 115692453, 2128194479, 2512105912, 2079517499, 707607996, 2953384126, 2250302659, 2274236867, 2198634693, 37233224, 2723044683, 345433037, 2956817615, 2202273235, 2162038100, 206561400, 2136520929, 2144803173, 2123836521, 2003907699, 146839028, 2371394552, 2050254073, 2059590781}

32. {2538918524, 2151930756, 2901283336, 1989182473, 1294330762, 2149458952, 2586299787, 2011097358, 2127391507, 1988337178, 2541919533, 2013928370, 2130015035, 2135552316, 1982179918, 2670015194, 2511339495, 2027870957, 2122007671, 2467614072, 1989084025, 2032008572}

33. {2111015811, 2663593097, 2037998480, 2157111323, 2079889949, 2010276254, 1895868705, 2989604263, 1347151784, 1993731499, 2245962294, 2173646266, 2098080957, 2444480957, 37742912, 2128935492, 2078039764, 2807669465, 51820894, 2082304995, 2059718117, 2103752940, 2303367283, 2559123702, 2627117054}

34. {2140912314, 2142350131, 2155100047}

35. {228102912, 1997037825, 2056505999, 2557771536, 2480241949, 2152679201, 2934791588, 2114828967, 2468618410, 2146595883, 2303602861, 2101968948, 2114868023, 2104546489, 2028114619, 2440006205, 2717681854, 2104007874, 2567896390, 2137130951, 1675630922, 2549425869, 2500261453, 2421291343, 2126963664, 2270196177, 1975712082, 1942232023, 713720536, 2991555164, 2550713949, 2146664798, 595543391, 2114744800, 2607770848, 2136887138, 2990812262, 2049189351, 1948433388, 2140564332, 2127665774, 2297353847, 2163850232, 2304684415}

36. {2673157249, 2021268131, 241780900, 2120897639, 1942880919, 2002360971, 2677817343, 2513162093, 2296729424, 2029488433, 2022852305, 233042646, 2779740822, 2161437206, 270055802, 2806801915, 2096912509, 2114965150, 724299231}

37. {2735411493, 2750599132, 2807999852, 2318147181, 181552370, 2735869114, 1158934300}

38. {2627107713, 2132470913, 2468122884, 2112974599, 2310920583, 2139654925, 2295091982, 2130993935, 2782751502, 2167125010, 2098400666, 2579924890, 2157308062, 2405013156, 2139508905, 2686488618, 2138877871, 2161593647, 2301389880, 2303998404, 2804027078, 2116537159, 2721922248, 2581961543, 2142947146, 2127344970, 2162262477, 2677425751, 1992309470, 2098684391, 2658407528, 2065634026, 2420008042, 2551687923}

39. {2151570909, 2712128676, 2029196934, 2076429416, 2167354121, 2107833897, 2164775409, 1794038515, 2117210965, 971226294, 2060257498, 2102688157}

40. {48369249, 1986208804, 2041064612, 2130450629, 325195402, 2111634167, 2491886956, 2093264594, 1977535315, 2169917266, 2224270997, 2242916949, 2110170743, 2506598906, 2119837755, 2037745951}

41. {2562639649, 694839594, 2121806443, 2117105010}

42. {2024443744, 2230056477, 2701928467, 2135968533, 2974837910, 1202501558, 2468182140, 639666141}

43. {1991131908, 2893542663, 1524560149, 2783622431, 707865762, 2163446563, 2105560112, 319880114, 2990329397, 2292299320, 2165714491, 1920478529, 2153118160, 1975069521, 2156226897, 307521372, 2098111081, 2126237948, 2776434807, 2158135548, 2951930751}

44. {2640472960, 2668328581, 2112374662, 2066523793, 2111678102, 2763322014, 2900083240, 2170372657, 2969748276, 108406206, 2103291335, 2160809552, 2286237009, 2570154708, 2771100375, 2153687383, 2123646430, 2108624097, 2120836466, 2610295154, 2477293048, 2096910461}

45. {1938834791, 2973763720, 1915993033, 2103279754, 1973028108, 2521254510, 2062859054, 2042460623, 181886163, 300175929, 2007377374}

46. {2111263976, 1973314746, 2119538990, 2289425551}

47. {2293981250, 2112810595, 2652508295, 2490485741, 2155114799, 2142025243, 2495566078}

48. {2488380484, 2893075845, 134133163, 2167622574, 2156474971}

