1. {2485633537, 284430083, 177152004, 2661920265, 2312837134, 2655389208, 2632800540, 163924767, 2072849696, 133767967, 2100576291, 2007149047, 2169650468, 2127973671, 2130456104, 1898836778, 2095782188, 1604723759, 2953371951, 2313657906, 2020289842, 2168614452, 1910597427, 161269817, 1889475642, 2037010747, 2150887997, 2882719549, 2004861503, 2012736320, 2105657664, 2609987651, 130200899, 2037866308, 1981209670, 2309553220, 24574532, 2172053321, 2028784970, 2308824398, 2149131086, 2443967568, 2397241174, 2063114072, 2302862425, 2291088731, 2161866848, 1904534369, 1960353634, 2128170596, 1566711909, 2522648935, 2080344424, 2328522601, 2949025389, 2595437681, 1893736562, 1537048691, 2187581557, 2133066616, 662855036, 2016539005, 2162369918, 2032270973, 2116332931, 278754694, 1572478601, 371500171, 2020781963, 1974025617, 2106500497, 2038901907, 2189262995, 1973162899, 2101434519, 2116681370, 168172700, 1980701853, 2469499809, 1281575332, 2155890085, 2077020583, 36172711, 19414955, 2224929196, 2018810797, 241899517, 270351283, 2420433332, 2160652726, 2226538938, 2618550202, 2058584252, 2345664702, 1912135871, 2691474368, 2053214915, 2955258819, 2780658116, 2080686788, 2806907591, 2109587139, 309515214, 2160888527, 2134498512, 2122791383, 1856923607, 101938652, 2032345308, 2148425697, 1111049960, 2122328552, 712415982, 2277160431, 2192737520, 2778121718, 670306551, 2209303800, 2233962492, 2107302653}

2. {2468960519, 1972291593, 2048266507, 1982686475, 2165111055, 2165875728, 2171367185, 1273563922, 2042048789, 2158987803, 2260861727, 2063782688, 1691279138, 2086114595, 2466810105, 311375655, 2108210217, 2232397101, 2097703981, 2190151475, 2510924085, 2006682166, 132303927, 135252792, 2118271290, 2619694662, 2165695307, 738438988, 2093953614, 2464094287, 2088212047, 2330451, 2142689629, 1133076831, 2040186208, 2619145315, 2009081702, 289005672, 2737211241, 2127243113, 167589996, 2121586545, 2285762679, 251023228, 2512381318, 2096859791, 2858415774, 677722270, 2777174945, 2103829928, 2307616684, 1992641199, 2062380982, 1984316343, 2135804864, 2694804417, 2134439617, 155277768, 2550150095, 242635728, 301283286, 1982327768, 297432538, 2095381979, 738756060, 139967712, 2160774113, 2148448995, 2098954979, 2148550123, 2108769517, 2735594999, 2584127737, 2231647228, 2167617533, 2296948990}

3. {2029568768, 2556322307, 2142724104, 2912415756, 2298118675, 2141840149, 2169363483, 2108011552, 2302610210, 1985648170, 2239320619, 2524462901, 2181724469, 243317564, 2096074559, 2362630976, 2009645378, 2129867074, 2150814284, 2165788238, 2232375382, 2704209241, 2567649626, 2099978586, 2193999452, 2483473501, 1998419034, 2304993124, 2968337513, 2147539308, 2019021678, 2161135216, 2059277171, 2151859571, 2523407221, 2100565365, 1375400056, 2095953017, 2116323195, 2505321855, 2134830209, 2103336841, 2589844882, 2137725330, 2551033752, 2143687321, 2042309534, 2150527135, 198285984, 254766753, 2098223009, 2917479589, 2230249395, 2462785460, 2161010623, 229038272, 57053632, 2168485313, 2689542854, 2484040650, 2229253834, 2344260300, 2261047503, 2171800532, 2051750615, 2255504348, 11820511, 426874850, 2205924584, 2022822378, 2139423477, 2021036281, 1978915323, 2152055551}

4. {193178368, 2121236236, 2092639762, 2206712854, 1518321175, 2023254819, 2096029477, 2166641447, 2240528681, 2118586410, 288626473, 1484279603, 259249205, 2014469688, 2777047099, 2509467199, 2021686850, 2692458818, 2239053892, 2269886024, 1186584138, 2224570189, 2292250447, 92438100, 278177626, 2151264347, 2715690588, 2303156069, 2009916527, 136708976, 274891381, 2128657275, 2129072251, 2111387516, 235001993, 2490060940, 2012499344, 2130881427, 2790495380, 2250490518, 2137854364, 2124657829, 2023626662, 2489899178, 207969196, 2171234738, 86199990, 2073631992, 2277778369, 2470363587, 2086475204, 2005577924, 80354510, 2112925650, 2169226194, 2482715602, 2007049433, 2074453466, 2142388449, 2095673574, 1531155176, 2094301929, 20281835, 2072292845, 2097273326, 2096833007, 1770329841, 2165137138, 2023117810, 252479729, 2279407096, 2169901821}

5. {1994240001, 2132618373, 2117656073, 2556717708, 1810360850, 1764448532, 2171819543, 2145928477, 36286238, 2700151585, 2464448550, 2096887853, 2256905521, 2066975796, 2239241780, 282980150, 1979429815, 1247940802, 2148142019, 2162740804, 2778630342, 184409032, 2004878410, 2304140494, 134769616, 2096599005, 2079278047, 1220761185, 2135215972, 2151014374, 2105735912, 39115121, 2538077558, 2122268670, 610644735}

6. {2035876866, 2285338435, 2045157892, 2683781446, 2168176072, 2099379656, 2700953612, 2109954189, 2110501006, 2427243148, 1986033680, 2148022289, 2137603918, 2656283669, 2104512981, 2702409756, 2396073053, 2116155808, 2101279140, 2163103719, 2515560682, 2497095473, 2127632057, 2126599162}

7. {2155193350, 136888070, 2044129544, 2570615947, 2304713483, 2117499156, 2395024022, 2627995287, 2514263958, 2279335322, 2158932634, 2107142044, 1517651870, 2503171999, 2279520417, 2122351653, 2250300074, 2097306286, 2010238386, 2505588532, 2178816185, 617670330, 2035224764, 2467733054, 315739715, 2018227268, 2718747388, 2090128582, 279168326, 2238207816, 2264677196, 2106882380, 2167134412, 297118547, 2261367123, 247755989, 2139177686, 2195050966, 2569207891, 164824025, 2189524569, 2479480413, 2285060831, 2937705183, 2114683746, 131186531, 2401433957, 2615464551, 2035346540, 1313188078, 2659318511, 2198766192, 2226262640, 2280654194, 2680176243, 2198983026, 2152814967, 2300062457, 1878631932, 2003576574}

8. {2560879651, 2155137863, 2141705163, 2517210667, 2102791789, 2232911153, 2567468530, 2426295800, 2191719801, 2628299646}

9. {2480643200, 2295314820, 2153839941, 2149169927, 2212399178, 2493313805, 2301968909, 2781013714, 2608526869, 2809698391, 2892429210, 2427490396, 2561926301, 2276383582, 2498219105, 2100817443, 2100667814, 2125069230, 2132213614, 2149659377, 2737257653, 2340558518, 2105620155}

10. {2154409344, 2797013379, 2132891653, 2328658054, 2143166727, 1976640904, 1987609480, 2514783114, 2517189263, 2095669906, 2105279251, 2915776662, 2699539735, 2707739930, 2103999387, 2633818787, 160571302, 2426402601, 2045340971, 2160207663, 2052189873, 2751828274, 2102454835, 2986899380, 297038259, 1966126136, 148197049, 2104185790, 2432732352, 2101048513, 2619064001, 2491881922, 2158078532, 2122471237, 2591388101, 2155579207, 2530970829, 2036853455, 1454679632, 2150351570, 2778106710, 2285816794, 2306158810, 2062090202, 2312000221, 2101922781, 2761278044, 1260688485, 2614350313, 2141663339, 1264356972, 2063882350, 2619985137, 2674416884, 2101509626, 47705723, 2791575804, 2306900094}

11. {284171264, 2492472387, 2035755270, 2637284424, 2892669962, 2070296011, 2170576845, 2936186189, 2113956430, 2138531792, 2152206228, 2048157592, 178451354, 2503966811, 340253981, 1984940772, 2936723753, 2014991465, 2112027886, 2011562607, 2121178673, 2149341496, 729227961, 395389946, 2169305403, 2006674552}

12. {715021696, 2575217153, 2005053826, 1997627650, 1977649925, 2589577, 281476361, 1981155731, 2940745496, 2144579353, 2975840798, 2002718369, 2924230307, 2683343524, 3786149, 2484059044, 271130660, 140676520, 2150978211, 211812777, 2949751979, 2293620524, 2762208036, 2157364398, 2134151728, 2167964723, 2028927923, 35872053, 1858955830, 2046376243, 2652544568, 1500202045, 2953025344, 2921830466, 2104888899, 2271754566, 339370955, 2493786960, 2129669204, 2023387093, 1624679253, 1925374043, 2240607585, 2973866723, 2216095205, 1921173107, 1845138038, 2018313466, 2670085759}

13. {156417696, 2764080610, 1980028159, 1970912646, 2080198120, 1569549514, 2281680109, 2120617359, 2215287472, 2162041713, 2133447601, 2570998045, 2122006335}

14. {183722240, 2100554498, 2717681412, 2298166661, 659530374, 2923204491, 2111596939, 2169925262, 2498491921, 2717986583, 2692648732, 2944302109, 157622691, 2691349669, 2114921128, 2121310506, 2221257390, 2282701359, 1690634799, 2289542319, 90224947, 1999770807, 2020801783, 297969600, 2400164672, 2670173377, 2145260995, 1982785356, 2152194765, 1969582158, 1973247951, 60139091, 2148329557, 2603447383, 2422299352, 120651226, 2510858842, 2021640924, 2119641056, 2123304929, 72441953, 2112824674, 1576801125, 691479014, 2528434920, 1970391018, 1526086892, 2221004268, 2138495596, 2142932598, 1974613367, 1995962232, 2003447161, 2435751034, 2168470652}

15. {2108362240, 1817936516, 2121178374, 2519922951, 2109879686, 2140989583, 1981906831, 2076182545, 2133337488, 2443577753, 2104121242, 2634725275, 2119954973, 2130612383, 2066159008, 1502939172, 2170865064, 2259645355, 2305755055, 1849627065, 211780538, 2142518979, 351197510, 2171689288, 2124873033, 2965227977, 2438699337, 2143448784, 2686770909, 2419457631, 2121457248, 2199335272, 2141264876, 2171713006, 2147282416, 2250998000, 2194200048, 2138546940}

16. {2186831745, 2249617921, 2152966786, 2582386572, 2011044364, 2121989902, 1075592465, 2037585042, 1268677781, 2283138711, 2951517468, 2112999452, 2103369886, 1969571361, 2484195747, 2409260842, 1800007723, 2126073644, 2137151277, 2668006830, 2495993006, 2129170864, 2501580337, 2417153716, 2169472820, 2125714999, 2019029176, 2171972029, 2289692871, 2143603016, 2234508751, 2261807832, 2133966816, 2148468833, 2167366370, 2155154275, 2109349986, 2012385898, 2148168557, 2099647344, 820547186, 2469620852, 1972177269, 2141377524, 2033403132}

17. {215131072, 2060378757, 2137074633, 2470130636, 2191276622, 2143047568, 2074451410, 2112859155, 2603014296, 2302541017, 2665135325, 2116484384, 2014508897, 563069026, 1171453863, 1354816936, 1994620265, 2584726834, 2120044660, 2095215669, 2096884534, 341386165, 2110299510, 1617862073, 2031945151}

18. {2267188738, 2163216773, 1972582278, 120466312, 1954261512, 664231056, 2024621201, 66742930, 2252608274, 2160942610, 2686305946, 1769445404, 2964741150, 2437776675, 2225638692, 131065259, 2704475440, 663426097, 2550850099, 2619714229, 2126082358, 409595830, 1483583928, 2276738233, 2136162111, 2106120769, 2179769924, 1735999048, 2159031116, 2015383761, 2175232850, 2092672596, 80220757, 2308666198, 18953175, 1908865110, 2103969243, 2255246427, 2144214750, 1983098590, 2792877023, 2115109986, 2035978339, 2119542244, 158112612, 280947557, 2078633956, 2417310568, 1966735589, 2150131303, 112407019, 1835833577, 2137814887, 2064583791, 111233263, 1969487857, 2951344242, 2114473328, 2679597945, 254054780, 2138763645, 2034830207}

19. {2147114560, 2061803331, 2104641164, 2780916045, 2102611474, 2200264148, 2770713813, 2137000917, 1984832408, 102660889, 2000740313, 2114963871, 149889958, 2250492455, 2100767082, 2402050362, 2171539438, 2070867630, 2145458672, 2158816953, 2151224058}

20. {2493846535, 2466987623, 2101964938, 85537834, 2211520751, 99325522, 2085767126, 2467740887, 2286931549}

21. {2125193858, 1981931012, 2045095944, 1999069192, 2565831568, 2111416850, 144686356, 179778838, 2461135768, 1828928408, 1939703193, 2065379623, 2009777195, 1900016303, 2167697970, 2226783795, 2628434994, 1992112313, 2136889405, 1221219011, 2179365829, 2527582025, 2510858442, 2442822222, 2012438991, 2066314578, 2515818717, 921193823, 2034698336, 2104519264, 1624046946, 2003540582, 2589372010, 2511882603, 2616320108, 2108305646, 2056869360, 2951126644, 2662459126, 307844215, 2344754685}

22. {2157112897, 328186532, 2079978182, 246708073, 2032102379, 2092877580, 2279749166, 16705875, 2104401652, 2086040183, 2068608856, 243981275, 2167404190}

23. {2051956577, 2284344707, 1276936747, 1974981292, 2006356947, 2170869525, 1964253561, 1993323803, 2203547071}

24. {2950850050, 2186211331, 2192679303, 2657391372, 2101389519, 2333099729, 2123370898, 2251795989, 2892443067, 2158620633, 317192602, 2118479066, 2050754209, 2263011237, 2303066735, 2252852592, 2302858353, 2141630898, 2199253878, 93198007, 42138872, 1907357561, 2669195515, 2646684094}

25. {2124967328, 327757988, 2338117446, 2166897319, 2143089062, 264277963, 2040505518, 2066665679, 1838844815, 1446033523, 2792718004, 2476763573, 2302750490, 2216252091, 2139723518}

26. {2684575809, 2492219974, 2068231623, 2263019976, 2476880648, 2224734472, 2111600720, 2479954448, 2081463322, 2422457627, 333189659, 2000897436, 2136297185, 2295188966, 2159323111, 2778599336, 2951171686, 2503679655, 2102252270, 2562384559, 2127499438, 2023344625, 2468732989, 2137124533, 2109513205, 2078517239, 2556942265, 2192483133}

27. {2154019360, 1198110563, 2169342471, 2476938860, 2546028236, 2749203917, 2078733490, 2124668569, 2279633593, 68611093, 2113868374, 2099091510, 1994434233, 2103844955, 2272469598}

28. {2136132740, 657437189, 2129721733, 2309194119, 2378943246, 2111799824, 2152129939, 2130148372, 162253719, 2154645919, 1932791462, 1767982378, 2099325229, 2597470647, 1748740921, 193620349, 2133778237, 2069025853, 2044205123, 2213515591, 268424907, 2164572878, 2221300944, 2288456018, 2112909399, 2011819992, 2154903899, 2111193824, 2142033125, 2169745382, 324225515, 730122487, 2125917816, 2090152442, 2043615867, 2237113085}

29. {2504896833, 2279725060, 2143118458, 2116333191, 55380488, 2234086281, 1902127369, 2127322060, 52482323, 2509566910, 2102101654, 2010648985, 1845223583, 2620408480, 2137543585, 2560534435, 1902942371, 1448039523, 1983134822, 1226131238, 2038319787, 2973354483, 2016079220, 1968686581, 2114318968, 1044551098, 2179953790}

30. {2468049152, 1963576484, 2496948775, 2241827754, 2076579854, 2124413231, 2128721840, 2207613680, 2271586418, 2134269139, 2633987352, 2507508090, 2130645691, 2126473756, 2120934782}

31. {2250302659, 2198634693, 2049499784, 37233224, 2498847882, 2723044683, 2162038100, 206561400, 2154201502, 2118732703, 2136520929, 115692453, 2123836521, 2128194479, 2003907699, 146839028, 2371394552, 2050254073, 707607996, 2059590781, 2953384126}

32. {2467614072, 2151930756, 2511339495, 1294330762, 2027870957, 1982179918, 2013928370, 2127391507, 2122007671, 2032008572, 1989084025, 2130015035, 2135552316}

33. {37742912, 2111015811, 2128935492, 2663593097, 2078039764, 2098080957, 2157111323, 2079889949, 2010276254, 51820894, 1895868705, 2082304995, 2059718117, 2989604263, 1347151784, 1993731499, 2103752940, 2303367283, 2559123702, 2245962294, 2173646266, 2444480957, 2627117054}

34. {2140912314, 2142350131, 2155100047}

35. {228102912, 1997037825, 2056505999, 2557771536, 2480241949, 2152679201, 2114828967, 2468618410, 2146595883, 2303602861, 2101968948, 2104546489, 2440006205, 2717681854, 2104007874, 2567896390, 2137130951, 1675630922, 2500261453, 2549425869, 2421291343, 2126963664, 2270196177, 1975712082, 1942232023, 713720536, 2550713949, 2146664798, 595543391, 2136887138, 2990812262, 2049189351, 2140564332, 2127665774, 2163850232, 2304684415}

36. {2673157249, 2021268131, 241780900, 2120897639, 2002360971, 2513162093, 2296729424, 2029488433, 2779740822, 1942880919, 233042646, 270055802, 2096912509, 2114965150}

37. {1158934300, 2318147181}

38. {2132470913, 2627107713, 2468122884, 2303998404, 2310920583, 2721922248, 2116537159, 2142947146, 2581961543, 2112974599, 2139654925, 2162262477, 2295091982, 2130993935, 2167125010, 2677425751, 2098400666, 2579924890, 2157308062, 2098684391, 2658407528, 2139508905, 2420008042, 2686488618, 2065634026, 2138877871, 2551687923, 2301389880}

39. {2712128676, 2029196934, 2076429416, 2167354121, 2107833897, 2164775409, 1794038515, 2117210965, 971226294, 2060257498, 2151570909, 2102688157}

40. {48369249, 2041064612, 1986208804, 2110170743, 325195402, 2093264594, 1977535315, 2242916949, 2224270997, 2111634167, 2506598906, 2119837755, 2037745951}

41. {2562639649, 694839594, 2121806443, 2117105010}

42. {2024443744, 2230056477, 2701928467, 2135968533, 1202501558, 2974837910, 2468182140, 639666141}

43. {1920478529, 707865762, 2163446563, 1991131908, 307521372, 2098111081, 2153118160, 1975069521, 2156226897, 2158135548, 1524560149, 2776434807, 2292299320, 2165714491, 2126237948}

44. {2640472960, 2668328581, 2112374662, 2103291335, 2160809552, 2286237009, 2066523793, 2570154708, 2111678102, 2153687383, 2763322014, 2123646430, 2108624097, 2477293048, 2096910461, 108406206}

45. {2062859054, 1938834791, 1915993033, 2103279754, 2521254510, 2042460623}

46. {2111263976, 1973314746, 2119538990, 2289425551}

47. {2293981250, 2112810595, 2652508295, 2142025243, 2490485741, 2495566078, 2155114799}

48. {2893075845, 2167622574}

