

PCC 1

0.	[2778121718]	0.0
1.	[2032345308]	0.0
2.	[1856923607]	0.0
3.	[2691474368]	0.0
4.	[2226538938]	0.000999000999000999
5.	[2420433332]	0.0
6.	[241899517]	0.0
7.	[2224929196]	0.0
8.	[19414955]	0.0
9.	[2155890085]	0.0
10.	[1281575332]	0.0
11.	[2469499809]	0.0
12.	[1973162899]	0.0
13.	[2106500497]	0.0
14.	[2116332931]	0.0
15.	[2032270973]	0.0
16.	[2162369918]	0.0
17.	[662855036]	0.0
18.	[1537048691]	0.0
19.	[1893736562]	0.0
20.	[2949025389]	0.0
21.	[2522648935]	0.0
22.	[1566711909]	0.0
23.	[2128170596]	0.0
24.	[1960353634]	0.0
25.	[1904534369]	0.0
26.	[2063114072]	0.0
27.	[2149131086]	0.0
28.	[2028784970]	0.0
29.	[24574532]	0.0
30.	[2882719549]	0.0
31.	[2037010747]	0.0
32.	[2168614452]	0.0
33.	[2953371951]	0.0
34.	[2095782188]	0.0
35.	[1898836778]	0.0
36.	[2127973671]	0.0
37.	[2100576291]	0.0
38.	[133767967]	0.0
39.	[163924767, 1604723759, 1912135871, 2209303800]	0.014985014985014986
40.	[2595437681]	0.0
41.	[2192737520]	0.0
42.	[2037866308]	0.0
43.	[2020289842]	0.0
44.	[2655389208]	0.0
45.	[2661920265]	0.0
46.	[177152004]	0.0
47.	[2485633537]	0.0
48.	[284430083, 2312837134, 2632800540, 2072849696, 2007149047, 2130456104, 161269817, 1889475642, 2150887997, 2004861503, 2012736320, 2105657664, 2609987651, 130200899, 1981209670, 2172053321, 2308824398, 2443967568, 2397241174, 2302862425, 2291088731, 2161866848, 2080344424, 2328522601, 2187581557, 2016539005, 278754694, 1572478601, 371500171, 2020781963, 1974025617, 2038901907, 2189262995, 2116681370, 168172700, 1980701853, 2077020583, 2018810797, 270351283, 2160652726, 2058584252, 2053214915, 2955258819, 2780658116, 2080686788, 2806907591, 309515214, 2160888527, 2134498512, 2122791383, 101938652, 2148425697, 1111049960, 2122328552, 712415982, 2277160431, 670306551, 2233962492, 2107302653]	0.7032967032967034
49.	[2618550202]	0.0
50.	[2133066616]	0.0
51.	[1910597427]	0.0
52.	[2313657906]	0.0
53.	[2345664702]	0.0
54.	[2101434519]	0.0
55.	[36172711]	0.0
56.	[2309553220]	0.0
57.	[2169650468]	0.0
58.	[2109587139]	0.0


PCC 2

0.	[2167617533]	0.0
1.	[2735594999]	0.0
2.	[2098954979]	0.0
3.	[2160774113]	0.0
4.	[139967712]	0.0
5.	[2095381979]	0.0
6.	[1982327768]	0.0
7.	[242635728]	0.0
8.	[2550150095]	0.0
9.	[155277768]	0.0
10.	[2134439617]	0.0
11.	[2694804417]	0.0
12.	[2135804864]	0.0
13.	[1984316343]	0.0
14.	[2307616684]	0.0
15.	[2103829928]	0.0
16.	[2096859791]	0.0
17.	[2512381318]	0.0
18.	[2121586545]	0.0
19.	[2009081702]	0.0
20.	[1133076831]	0.0
21.	[2142689629]	0.0
22.	[2464094287]	0.0
23.	[2093953614]	0.0
24.	[738438988]	0.0
25.	[2619694662]	0.0
26.	[2118271290]	0.0
27.	[132303927]	0.0
28.	[2006682166]	0.0
29.	[2510924085]	0.0
30.	[2190151475]	0.0
31.	[2108210217]	0.0
32.	[2088212047, 2127243113]	0.00667779632721202
33.	[2231647228]	0.0
34.	[311375655]	0.0
35.	[1691279138]	0.0
36.	[2260861727]	0.0
37.	[2285762679, 251023228]	0.00667779632721202
38.	[2158987803]	0.0
39.	[2165111055]	0.0
40.	[1982686475]	0.0
41.	[2048266507, 2584127737]	0.00667779632721202
42.	[2108769517]	0.0
43.	[2466810105]	0.0
44.	[2468960519, 1972291593, 2165875728, 2171367185, 1273563922, 2063782688, 2086114595, 2097703981, 135252792, 2165695307, 2330451, 2040186208, 2619145315, 289005672, 167589996, 2858415774, 677722270, 2777174945, 1992641199, 2062380982, 301283286, 297432538, 738756060, 2148448995, 2148550123, 2296948990]	0.7579298831385642
45.	[2737211241]	0.0
46.	[2232397101]	0.0
47.	[2042048789]	0.0


PCC 3

0.	[1978915323]	0.0
1.	[2021036281]	0.0
2.	[2022822378]	0.0
3.	[426874850]	0.0
4.	[11820511]	0.0
5.	[2171800532]	0.0
6.	[2261047503]	0.0
7.	[2344260300]	0.0
8.	[2229253834]	0.0
9.	[2484040650]	0.0
10.	[2689542854]	0.0
11.	[2168485313]	0.0
12.	[2161010623]	0.0
13.	[2917479589]	0.0
14.	[2098223009]	0.0
15.	[198285984]	0.0
16.	[2143687321]	0.0
17.	[2551033752]	0.0
18.	[2137725330]	0.0
19.	[2103336841]	0.0
20.	[2134830209]	0.0
21.	[2505321855]	0.0
22.	[2095953017]	0.0
23.	[1375400056]	0.0
24.	[2523407221]	0.0
25.	[2151859571]	0.0
26.	[2059277171]	0.0
27.	[2161135216]	0.0
28.	[2019021678]	0.0
29.	[2147539308]	0.0
30.	[2304993124]	0.0
31.	[1998419034]	0.0
32.	[2483473501]	0.0
33.	[2099978586]	0.0
34.	[2567649626]	0.0
35.	[2232375382]	0.0
36.	[2129867074]	0.004672897196261682
37.	[2968337513]	0.0
38.	[2009645378]	0.0
39.	[2362630976]	0.0
40.	[2096074559]	0.0
41.	[2239320619]	0.0
42.	[1985648170]	0.0
43.	[2302610210]	0.0
44.	[2181724469, 2150814284, 2042309534]	0.04205607476635514
45.	[2141840149]	0.0
46.	[2298118675]	0.0
47.	[2912415756]	0.0
48.	[2142724104]	0.0
49.	[2556322307]	0.0
50.	[2169363483, 2108011552, 2524462901, 243317564, 2165788238, 2704209241, 2100565365, 2116323195, 2589844882, 254766753, 2230249395, 2462785460, 229038272, 57053632, 2139423477]	0.5186915887850467
51.	[2152055551]	0.0
52.	[2255504348]	0.0
53.	[2205924584]	0.0
54.	[2051750615]	0.0
55.	[2150527135]	0.0
56.	[2193999452]	0.0
57.	[2029568768]	0.0


PCC 4

0.	[2169901821]	0.0
1.	[2023117810]	0.0
2.	[2165137138]	0.0
3.	[2096833007]	0.0
4.	[2097273326]	0.0
5.	[2094301929]	0.0
6.	[2095673574]	0.0
7.	[2169226194]	0.0
8.	[2112925650]	0.0
9.	[80354510]	0.0
10.	[2005577924]	0.0019157088122605363
11.	[2072292845]	0.0
12.	[207969196]	0.0
13.	[2489899178]	0.0
14.	[2023626662]	0.0
15.	[2124657829]	0.0
16.	[2790495380]	0.0
17.	[2130881427]	0.0
18.	[2490060940]	0.0
19.	[235001993]	0.0
20.	[2128657275]	0.0
21.	[2151264347]	0.0
22.	[2224570189]	0.0
23.	[1186584138]	0.0
24.	[2269886024]	0.0
25.	[2509467199]	0.0
26.	[2777047099]	0.0
27.	[2014469688]	0.0
28.	[2240528681]	0.0
29.	[2096029477]	0.0
30.	[2023254819]	0.0
31.	[2092639762]	0.0
32.	[2121236236, 2012499344]	0.007662835249042145
33.	[193178368]	0.0
34.	[2206712854, 1518321175, 288626473, 1484279603, 259249205, 2692458818, 2239053892, 2292250447, 92438100, 278177626, 2715690588, 2303156069, 136708976, 274891381, 2129072251, 2171234738, 2073631992, 2470363587, 2086475204, 2007049433, 2074453466, 1531155176, 20281835, 1770329841, 2279407096]	0.6187739463601533
35.	[252479729]	0.0
36.	[2250490518]	0.0
37.	[2142388449]	0.0
38.	[2482715602]	0.0
39.	[2118586410]	0.0
40.	[2166641447]	0.0
41.	[86199990]	0.0
42.	[2137854364]	0.0
43.	[2277778369]	0.0
44.	[2111387516]	0.0
45.	[2009916527]	0.0
46.	[2021686850]	0.0


PCC 5

0.	[610644735]	0.0
1.	[2105735912]	0.0
2.	[2096599005]	0.0
3.	[2304140494]	0.0
4.	[2004878410]	0.0
5.	[184409032]	0.0
6.	[2778630342]	0.0
7.	[2148142019]	0.0
8.	[282980150]	0.0
9.	[2066975796]	0.0
10.	[2096887853]	0.0
11.	[2122268670]	0.0
12.	[2151014374]	0.0
13.	[1220761185]	0.0
14.	[1979429815]	0.05263157894736842
15.	[39115121]	0.0
16.	[2079278047]	0.0
17.	[2464448550]	0.0
18.	[2700151585]	0.0
19.	[36286238]	0.0
20.	[2145928477]	0.0
21.	[1764448532, 2162740804]	0.10526315789473684
22.	[2538077558]	0.0
23.	[2135215972]	0.0
24.	[134769616]	0.0
25.	[1247940802]	0.0
26.	[2256905521]	0.0
27.	[2171819543]	0.0
28.	[1810360850]	0.0
29.	[2556717708]	0.0
30.	[2117656073]	0.0
31.	[2132618373]	0.0
32.	[2239241780]	0.02631578947368421
33.	[1994240001]	0.0


PCC 6

0.	[2126599162]	0.0
1.	[2127632057]	0.0
2.	[2515560682]	0.0
3.	[2702409756]	0.0
4.	[2427243148]	0.0
5.	[2109954189]	0.0
6.	[2099379656]	0.0
7.	[2285338435]	0.0
8.	[2035876866, 2045157892, 2683781446, 2168176072, 2700953612, 2110501006, 1986033680, 2148022289, 2137603918, 2656283669, 2104512981, 2396073053, 2101279140, 2163103719, 2497095473]	0.911504424778761
9.	[2116155808]	0.0


PCC 7

0.	[2003576574]	0.0
1.	[1878631932]	0.0
2.	[2152814967]	0.0
3.	[2198983026]	0.0
4.	[2680176243]	0.0
5.	[2280654194]	0.0
6.	[2226262640]	0.0
7.	[1313188078]	0.0
8.	[2114683746]	0.0
9.	[2479480413]	0.0
10.	[2189524569]	0.0
11.	[2569207891]	0.0
12.	[2195050966]	0.0
13.	[2139177686]	0.0
14.	[247755989]	0.0
15.	[2261367123]	0.0
16.	[2167134412]	0.0
17.	[2106882380]	0.0
18.	[2238207816]	0.0
19.	[2090128582]	0.0
20.	[2718747388]	0.0
21.	[2018227268]	0.0
22.	[315739715]	0.0
23.	[2467733054]	0.0
24.	[2178816185]	0.0
25.	[2505588532]	0.0
26.	[2097306286]	0.0
27.	[279168326]	0.009433962264150943
28.	[2250300074]	0.0
29.	[2122351653]	0.0
30.	[1517651870]	0.0
31.	[2279335322]	0.0
32.	[2514263958]	0.0
33.	[2395024022]	0.0
34.	[2304713483]	0.0
35.	[2107142044, 2300062457]	0.03773584905660377
36.	[2570615947]	0.0
37.	[2010238386]	0.009433962264150943
38.	[2198766192]	0.0
39.	[297118547]	0.0
40.	[2044129544]	0.0
41.	[2035224764]	0.009433962264150943
42.	[2659318511]	0.0
43.	[2615464551]	0.0
44.	[2401433957]	0.0
45.	[2937705183]	0.0
46.	[617670330]	0.0
47.	[2117499156, 2264677196, 2035346540]	0.12264150943396226
48.	[2285060831]	0.0
49.	[2279520417]	0.0
50.	[2503171999]	0.0
51.	[2627995287]	0.0
52.	[136888070, 2158932634, 131186531]	0.09433962264150944
53.	[164824025]	0.0
54.	[2155193350]	0.0


PCC 8

0.	[2628299646]	0.0
1.	[2191719801]	0.0
2.	[2426295800]	0.0
3.	[2567468530]	0.0
4.	[2232911153]	0.0
5.	[2102791789]	0.0
6.	[2517210667]	0.0
7.	[2155137863]	0.0
8.	[2141705163]	0.75
9.	[2560879651]	0.0


PCC 9

0.	[2340558518]	0.0
1.	[2737257653]	0.0
2.	[2149659377]	0.0
3.	[2132213614]	0.0
4.	[2100667814]	0.0
5.	[2100817443]	0.0
6.	[2276383582]	0.0
7.	[2561926301]	0.0
8.	[2892429210]	0.0
9.	[2809698391]	0.0
10.	[2608526869]	0.0
11.	[2301968909]	0.0
12.	[2212399178, 2493313805, 2125069230, 2105620155]	0.4423076923076923
13.	[2498219105]	0.0
14.	[2427490396]	0.0
15.	[2149169927]	0.0
16.	[2153839941]	0.0
17.	[2295314820, 2781013714]	0.09615384615384616
18.	[2480643200]	0.0


PCC 10

0.	[2063882350]	0.0
1.	[1260688485]	0.0
2.	[2062090202]	0.0
3.	[2285816794]	0.0
4.	[2778106710]	0.0
5.	[2150351570]	0.0
6.	[1454679632]	0.0
7.	[2530970829]	0.0
8.	[2591388101]	0.0
9.	[2122471237]	0.0
10.	[2158078532]	0.0
11.	[2491881922]	0.0
12.	[2619064001]	0.0
13.	[2101048513]	0.0
14.	[2432732352]	0.0
15.	[2104185790]	0.0
16.	[148197049]	0.0
17.	[1966126136]	0.0
18.	[2986899380]	0.0
19.	[2102454835]	0.0
20.	[2751828274]	0.0
21.	[2160207663]	0.0
22.	[2426402601]	0.0
23.	[160571302]	0.0
24.	[2633818787]	0.0
25.	[2103999387]	0.0
26.	[2707739930]	0.0
27.	[2699539735]	0.0
28.	[2915776662]	0.0
29.	[2105279251]	0.0
30.	[2095669906]	0.0
31.	[2674416884]	0.005076142131979695
32.	[2101509626]	0.0
33.	[2045340971]	0.0
34.	[2517189263]	0.0
35.	[2514783114]	0.0
36.	[2143166727]	0.0
37.	[1987609480]	0.005076142131979695
38.	[2052189873]	0.0
39.	[2328658054]	0.0
40.	[2132891653]	0.0
41.	[2155579207, 2312000221, 2141663339, 1264356972]	0.07106598984771574
42.	[2306158810]	0.0
43.	[2797013379]	0.0
44.	[2154409344]	0.0
45.	[1976640904, 2036853455, 2101922781, 2614350313, 2619985137, 2791575804, 2306900094]	0.36548223350253806
46.	[47705723]	0.0
47.	[2761278044]	0.0
48.	[297038259]	0.0


PCC 11

0.	[2006674552]	0.0
1.	[395389946]	0.0
2.	[729227961]	0.0
3.	[2149341496]	0.0
4.	[2121178673]	0.0
5.	[2011562607]	0.0
6.	[2112027886]	0.0
7.	[2936723753]	0.0
8.	[1984940772]	0.0
9.	[340253981]	0.0
10.	[2503966811]	0.0
11.	[178451354]	0.0
12.	[2048157592]	0.0
13.	[2138531792]	0.0
14.	[2113956430]	0.0
15.	[2936186189]	0.0
16.	[2170576845]	0.0
17.	[2070296011]	0.0
18.	[2892669962]	0.0
19.	[2035755270]	0.0
20.	[284171264, 2152206228, 2014991465, 2169305403]	0.3
21.	[2637284424]	0.0
22.	[2492472387]	0.0


PCC 12

0.	[2670085759]	0.0
1.	[2018313466]	0.0
2.	[1845138038]	0.0
3.	[1921173107]	0.0
4.	[2973866723]	0.0
5.	[2023387093]	0.0
6.	[2129669204]	0.0
7.	[2953025344]	0.0
8.	[1500202045]	0.0
9.	[2046376243]	0.0
10.	[35872053]	0.0
11.	[2293620524]	0.0
12.	[2949751979]	0.0
13.	[2150978211]	0.0
14.	[140676520]	0.0
15.	[271130660]	0.0
16.	[2484059044]	0.0
17.	[2683343524]	0.0
18.	[2144579353]	0.0
19.	[2104888899]	0.008
20.	[1624679253]	0.0
21.	[2762208036]	0.0
22.	[211812777]	0.0
23.	[1981155731]	0.0
24.	[1997627650, 281476361, 2271754566]	0.04
25.	[2940745496, 2975840798, 2924230307, 3786149, 2134151728, 2167964723, 2028927923, 2652544568, 2921830466, 339370955, 2493786960, 1925374043, 2216095205]	0.54
26.	[2240607585]	0.0
27.	[2005053826]	0.0
28.	[1977649925, 2002718369]	0.024
29.	[1858955830]	0.004
30.	[2157364398]	0.0
31.	[2589577]	0.0
32.	[2575217153]	0.0
33.	[715021696]	0.0


PCC 13

0.	[2162041713]	0.0
1.	[1569549514]	0.0
2.	[1970912646]	0.0
3.	[2080198120]	0.0
4.	[2764080610, 2120617359, 2215287472, 2570998045]	0.4583333333333333
5.	[2122006335]	0.0
6.	[2133447601]	0.0
7.	[2281680109]	0.0
8.	[1980028159]	0.0
9.	[156417696]	0.0


PCC 14

0.	[2168470652]	0.0
1.	[2003447161]	0.0
2.	[2142932598]	0.0
3.	[1526086892]	0.0
4.	[1970391018]	0.0
5.	[2528434920]	0.0
6.	[1576801125]	0.0
7.	[2112824674]	0.0
8.	[2123304929]	0.0
9.	[2119641056]	0.0
10.	[120651226]	0.0
11.	[2603447383]	0.0
12.	[2148329557]	0.0
13.	[1973247951]	0.0
14.	[1969582158]	0.0
15.	[2152194765]	0.0
16.	[2670173377]	0.0
17.	[2400164672]	0.0
18.	[2020801783]	0.0
19.	[1999770807]	0.0
20.	[1690634799]	0.0
21.	[2282701359]	0.0
22.	[157622691]	0.0
23.	[2692648732]	0.0
24.	[2498491921]	0.0
25.	[2923204491]	0.0
26.	[2298166661]	0.0
27.	[2111596939, 2717986583, 2944302109, 2114921128, 2121310506, 2221257390, 2289542319, 90224947, 2145260995, 1982785356, 60139091, 2510858842, 691479014, 2138495596, 1995962232, 2435751034]	0.7425149700598802
28.	[1974613367]	0.0
29.	[2021640924]	0.0
30.	[2422299352]	0.0
31.	[297969600]	0.0
32.	[2221004268]	0.0
33.	[72441953]	0.0
34.	[2691349669]	0.0
35.	[2169925262]	0.0
36.	[659530374]	0.005988023952095809
37.	[2717681412]	0.0
38.	[2100554498]	0.0
39.	[183722240]	0.0


PCC 15

0.	[2194200048]	0.0
1.	[2250998000]	0.0
2.	[2147282416]	0.0
3.	[2171713006]	0.0
4.	[2141264876]	0.0
5.	[2199335272]	0.0
6.	[2121457248]	0.0
7.	[2419457631]	0.0
8.	[2686770909]	0.0
9.	[2965227977]	0.0
10.	[2124873033]	0.0
11.	[2171689288]	0.0
12.	[2142518979]	0.0
13.	[211780538]	0.017241379310344827
14.	[1849627065]	0.017241379310344827
15.	[2170865064]	0.0
16.	[1502939172]	0.0
17.	[2130612383]	0.0
18.	[2119954973]	0.0
19.	[2634725275]	0.0
20.	[2104121242]	0.0
21.	[2443577753]	0.0
22.	[2133337488]	0.0
23.	[2076182545]	0.0
24.	[1981906831]	0.0
25.	[2140989583]	0.0
26.	[2109879686]	0.0
27.	[2519922951]	0.0
28.	[2121178374]	0.0
29.	[1817936516]	0.0
30.	[2108362240, 2259645355, 2305755055, 351197510, 2438699337, 2143448784]	0.6724137931034483
31.	[2138546940]	0.0
32.	[2066159008]	0.0


PCC 16

0.	[2141377524]	0.0
1.	[1972177269]	0.0
2.	[2469620852]	0.0
3.	[820547186]	0.0
4.	[2099647344]	0.0
5.	[2109349986]	0.0
6.	[2167366370]	0.0
7.	[2148468833]	0.0
8.	[2133966816]	0.0
9.	[2261807832]	0.0
10.	[2289692871]	0.0
11.	[2171972029]	0.0
12.	[2125714999]	0.0
13.	[2169472820]	0.0
14.	[2417153716]	0.0
15.	[2501580337]	0.0
16.	[2129170864]	0.0
17.	[2495993006]	0.0
18.	[2137151277]	0.0
19.	[2126073644]	0.0
20.	[1800007723]	0.0
21.	[2409260842]	0.0
22.	[1969571361]	0.0
23.	[2103369886]	0.0
24.	[2112999452]	0.0
25.	[2951517468]	0.0
26.	[2283138711]	0.0
27.	[1268677781]	0.0
28.	[1075592465]	0.0
29.	[2121989902]	0.0
30.	[2011044364]	0.0
31.	[2037585042, 2019029176, 2143603016, 2234508751, 2148168557, 2033403132]	0.5263157894736842
32.	[2012385898]	0.0
33.	[2155154275]	0.0
34.	[2668006830]	0.0
35.	[2484195747]	0.0
36.	[2582386572]	0.0
37.	[2152966786]	0.0
38.	[2249617921]	0.0
39.	[2186831745]	0.0


PCC 17

0.	[1617862073]	0.0
1.	[2110299510]	0.0
2.	[341386165]	0.0
3.	[2096884534]	0.0
4.	[2095215669]	0.0
5.	[2120044660]	0.0
6.	[2584726834]	0.0
7.	[1994620265]	0.0
8.	[2014508897]	0.0
9.	[2116484384]	0.0
10.	[2665135325]	0.0
11.	[2302541017]	0.0
12.	[2112859155, 1354816936]	0.21052631578947367
13.	[2603014296]	0.0
14.	[2074451410]	0.0
15.	[2143047568]	0.0
16.	[2191276622, 2031945151]	0.21052631578947367
17.	[1171453863]	0.0
18.	[563069026]	0.0
19.	[2470130636]	0.0
20.	[2137074633]	0.0
21.	[2060378757]	0.0
22.	[215131072]	0.0


PCC 18

0.	[2679597945]	0.0
1.	[2114473328]	0.0
2.	[2951344242]	0.0
3.	[1969487857]	0.0
4.	[111233263]	0.0
5.	[2150131303]	0.0
6.	[2417310568]	0.0
7.	[280947557]	0.0
8.	[2119542244]	0.0
9.	[2115109986]	0.0
10.	[2255246427]	0.0
11.	[1908865110]	0.0
12.	[2092672596]	0.0
13.	[1835833577]	0.0
14.	[2015383761]	0.0038461538461538464
15.	[2106120769]	0.0
16.	[2276738233]	0.0
17.	[1483583928]	0.0
18.	[409595830]	0.0
19.	[2126082358]	0.0
20.	[2619714229]	0.0
21.	[2550850099]	0.0
22.	[2437776675]	0.0
23.	[2704475440]	0.0038461538461538464
24.	[2964741150]	0.0
25.	[1769445404]	0.0
26.	[2686305946]	0.0
27.	[2160942610]	0.0
28.	[66742930]	0.0
29.	[2024621201]	0.0
30.	[1954261512, 2137814887]	0.019230769230769232
31.	[1966735589]	0.0
32.	[663426097]	0.0
33.	[120466312]	0.0
34.	[112407019]	0.0
35.	[2078633956]	0.0
36.	[1972582278]	0.0
37.	[2159031116]	0.0038461538461538464
38.	[2138763645]	0.0
39.	[664231056, 2252608274, 2225638692, 131065259, 2136162111, 2179769924, 1735999048, 2175232850, 80220757, 18953175, 2103969243, 1983098590, 2792877023, 158112612, 254054780]	0.4307692307692308
40.	[2034830207]	0.0
41.	[2035978339]	0.0
42.	[2144214750]	0.0
43.	[2308666198]	0.0
44.	[2064583791]	0.0
45.	[2163216773]	0.0
46.	[2267188738]	0.0


PCC 19

0.	[2151224058]	0.0
1.	[2145458672]	0.0
2.	[2070867630]	0.0
3.	[2250492455]	0.0
4.	[2114963871]	0.0
5.	[2137000917]	0.0
6.	[2200264148]	0.0
7.	[2102611474]	0.0
8.	[2104641164]	0.0
9.	[2171539438]	0.015384615384615385
10.	[102660889]	0.0
11.	[2780916045]	0.015384615384615385
12.	[2061803331, 149889958, 2100767082, 2158816953]	0.23076923076923078
13.	[2402050362]	0.0
14.	[2000740313]	0.0
15.	[1984832408]	0.0
16.	[2770713813]	0.0
17.	[2147114560]	0.0


PCC 20

0.	[2085767126]	0.0
1.	[99325522]	0.0
2.	[2466987623]	0.0
3.	[2493846535]	0.0
4.	[2101964938, 85537834, 2467740887, 2286931549]	0.43636363636363634
5.	[2211520751]	0.0


PCC 21

0.	[307844215]	0.0
1.	[2662459126]	0.0
2.	[2056869360]	0.0
3.	[2108305646]	0.0
4.	[2616320108]	0.0
5.	[2589372010]	0.0
6.	[2104519264]	0.0
7.	[2034698336]	0.0
8.	[921193823]	0.0
9.	[2515818717]	0.0
10.	[2066314578]	0.0
11.	[2012438991]	0.0
12.	[2442822222]	0.0
13.	[2510858442]	0.0
14.	[2179365829]	0.0
15.	[2136889405]	0.0
16.	[1992112313]	0.0
17.	[2628434994]	0.0
18.	[2226783795]	0.0
19.	[2009777195]	0.0
20.	[1939703193]	0.0
21.	[1828928408]	0.0
22.	[2461135768]	0.0
23.	[2111416850]	0.0
24.	[2565831568]	0.0
25.	[179778838, 2065379623, 1900016303, 2167697970, 1624046946, 2003540582, 2511882603, 2951126644, 2344754685]	0.6585365853658537
26.	[2527582025]	0.0
27.	[1999069192]	0.0
28.	[1221219011]	0.004878048780487805
29.	[144686356]	0.0
30.	[2045095944]	0.0
31.	[1981931012]	0.0
32.	[2125193858]	0.0


PCC 22

0.	[2167404190]	0.0
1.	[243981275]	0.0
2.	[2068608856]	0.0
3.	[2104401652]	0.0
4.	[2279749166]	0.0
5.	[2032102379]	0.0
6.	[2079978182]	0.0
7.	[328186532]	0.0
8.	[2157112897]	0.0
9.	[2086040183]	0.0
10.	[16705875]	0.0
11.	[2092877580]	0.0
12.	[246708073]	0.0


PCC 23

0.	[2203547071]	0
1.	[1993323803]	0
2.	[1964253561]	0
3.	[2170869525]	0
4.	[2006356947]	0
5.	[1974981292]	0
6.	[1276936747]	0
7.	[2284344707]	0
8.	[2051956577]	0


PCC 24

0.	[2646684094]	0.0
1.	[2669195515]	0.0
2.	[1907357561]	0.0
3.	[42138872]	0.0
4.	[93198007]	0.0
5.	[2199253878]	0.0
6.	[2141630898]	0.0
7.	[2302858353]	0.0
8.	[2303066735]	0.0
9.	[2263011237]	0.0
10.	[2050754209]	0.0
11.	[317192602]	0.0
12.	[2892443067]	0.0
13.	[2251795989]	0.0
14.	[2123370898]	0.0
15.	[2333099729]	0.0
16.	[2101389519]	0.0
17.	[2657391372]	0.0
18.	[2192679303, 2158620633, 2118479066, 2252852592]	1.0
19.	[2186211331]	0.0
20.	[2950850050]	0.0


PCC 25

0.	[2476763573]	0.0
1.	[2792718004]	0.0
2.	[1446033523]	0.0
3.	[1838844815]	0.0
4.	[264277963]	0.0
5.	[2143089062]	0.0
6.	[2166897319]	0.0
7.	[2338117446]	0.0
8.	[327757988, 2066665679, 2216252091, 2139723518]	0.5
9.	[2302750490]	0.0
10.	[2040505518]	0.0
11.	[2124967328]	0.0


PCC 26

0.	[2556942265]	0.0
1.	[2137124533]	0.0
2.	[2468732989]	0.0
3.	[2127499438]	0.0
4.	[2562384559]	0.0
5.	[2102252270]	0.0
6.	[2951171686]	0.0
7.	[2778599336]	0.0
8.	[2159323111]	0.0
9.	[2295188966]	0.0
10.	[2136297185]	0.0
11.	[333189659]	0.0
12.	[2422457627]	0.0
13.	[2081463322]	0.0
14.	[2479954448]	0.0
15.	[2224734472]	0.0
16.	[2068231623]	0.0
17.	[2492219974, 2263019976, 2111600720, 2000897436, 2078517239]	0.43103448275862066
18.	[2109513205]	0.034482758620689655
19.	[2192483133]	0.0
20.	[2023344625]	0.0
21.	[2503679655]	0.0
22.	[2476880648]	0.0
23.	[2684575809]	0.0


PCC 27

0.	[2272469598]	0.0
1.	[2099091510]	0.0
2.	[2113868374]	0.0
3.	[68611093]	0.0
4.	[2279633593]	0.0
5.	[2124668569]	0.0
6.	[2749203917]	0.0
7.	[2546028236]	0.0
8.	[2476938860]	0.0
9.	[1198110563]	0.0
10.	[2154019360]	0.0
11.	[2169342471]	0.08333333333333333
12.	[2103844955]	0.0
13.	[1994434233]	0.0
14.	[2078733490]	0.0


PCC 28

0.	[2237113085]	0.0
1.	[2043615867]	0.0
2.	[730122487]	0.0
3.	[324225515]	0.0
4.	[2169745382]	0.0
5.	[2111193824]	0.0
6.	[2288456018]	0.0
7.	[2164572878]	0.0
8.	[268424907]	0.0
9.	[2044205123]	0.0
10.	[193620349]	0.0
11.	[1748740921, 2213515591, 2090152442]	0.0759493670886076
12.	[2133778237]	0.0
13.	[2597470647]	0.0
14.	[1767982378]	0.0
15.	[1932791462]	0.0
16.	[2154645919]	0.0
17.	[162253719]	0.0
18.	[2130148372, 2069025853, 2011819992, 2125917816]	0.16455696202531644
19.	[2154903899]	0.0
20.	[2152129939]	0.0
21.	[2111799824]	0.0
22.	[2378943246]	0.0
23.	[2309194119]	0.0
24.	[2129721733]	0.0
25.	[2136132740, 657437189]	0.10126582278481013
26.	[2142033125]	0.0
27.	[2112909399]	0.0
28.	[2221300944]	0.0
29.	[2099325229]	0.012658227848101266


PCC 29

0.	[2179953790]	0.0
1.	[1044551098]	0.0
2.	[2016079220]	0.0
3.	[2973354483]	0.0
4.	[2038319787]	0.0
5.	[1226131238]	0.0
6.	[1983134822]	0.0
7.	[1448039523]	0.0
8.	[1902942371]	0.0
9.	[2560534435]	0.0
10.	[2137543585]	0.0
11.	[2620408480]	0.0
12.	[1845223583]	0.0
13.	[2010648985]	0.0
14.	[2102101654]	0.0
15.	[2509566910]	0.0
16.	[52482323]	0.0
17.	[2127322060]	0.0
18.	[1902127369]	0.0
19.	[2234086281]	0.0
20.	[55380488]	0.0
21.	[2143118458]	0.0
22.	[2279725060]	0.0
23.	[2116333191]	0.05555555555555555
24.	[2114318968]	0.0
25.	[1968686581]	0.0
26.	[2504896833]	0.0


PCC 30

0.	[2120934782]	0.0
1.	[2126473756]	0.0
2.	[2130645691]	0.0
3.	[2507508090]	0.0
4.	[2633987352]	0.0
5.	[2134269139]	0.0
6.	[2271586418]	0.0
7.	[2241827754]	0.0
8.	[2496948775]	0.0
9.	[1963576484]	0.023255813953488372
10.	[2468049152]	0.0
11.	[2076579854, 2124413231, 2128721840]	0.4186046511627907
12.	[2207613680]	0.0


PCC 31

0.	[2953384126]	0.0
1.	[2059590781]	0.0
2.	[2050254073]	0.0
3.	[2371394552]	0.0
4.	[146839028]	0.0
5.	[2123836521, 2128194479]	0.26666666666666666
6.	[115692453]	0.0
7.	[2136520929]	0.0
8.	[2118732703]	0.0
9.	[2154201502]	0.0
10.	[707607996]	0.06666666666666667
11.	[206561400]	0.0
12.	[2162038100]	0.0
13.	[2723044683]	0.0
14.	[2498847882]	0.0
15.	[37233224]	0.0
16.	[2049499784]	0.0
17.	[2198634693]	0.0
18.	[2003907699]	0.0
19.	[2250302659]	0.0


PCC 32

0.	[2130015035]	0.0
1.	[2127391507]	0.0
2.	[1982179918]	0.0
3.	[2135552316]	0.16666666666666666
4.	[1989084025]	0.0
5.	[2032008572]	0.0
6.	[2122007671]	0.0
7.	[1294330762]	0.0
8.	[2511339495]	0.0
9.	[2467614072]	0.0
10.	[2151930756]	0.05555555555555555
11.	[2013928370]	0.0
12.	[2027870957]	0.0


PCC 33

0.	[2627117054]	0.0
1.	[2444480957]	0.0
2.	[2245962294]	0.0
3.	[2559123702]	0.0
4.	[2303367283]	0.0
5.	[2103752940]	0.0
6.	[1993731499]	0.0
7.	[1347151784]	0.0
8.	[2059718117]	0.0
9.	[2157111323]	0.0
10.	[2098080957]	0.0
11.	[2078039764]	0.0
12.	[2663593097]	0.0
13.	[2128935492, 51820894, 2082304995]	0.1232876712328767
14.	[2173646266]	0.0
15.	[2989604263]	0.0
16.	[1895868705]	0.0136986301369863
17.	[37742912, 2111015811, 2079889949, 2010276254]	0.4931506849315068


PCC 34

0.	[2155100047]	0
1.	[2142350131]	0
2.	[2140912314]	0


PCC 35

0.	[2304684415]	0.0
1.	[2163850232]	0.0
2.	[2140564332]	0.0
3.	[2049189351]	0.0
4.	[2990812262]	0.0
5.	[2136887138]	0.0
6.	[595543391]	0.0
7.	[2550713949]	0.0
8.	[713720536]	0.0
9.	[1942232023]	0.0
10.	[1975712082]	0.0
11.	[2270196177]	0.0
12.	[2126963664]	0.0
13.	[2421291343]	0.0
14.	[2549425869]	0.0
15.	[2500261453]	0.0
16.	[1675630922]	0.0
17.	[2137130951]	0.0
18.	[2567896390]	0.0
19.	[2104007874]	0.0
20.	[2440006205]	0.0
21.	[2104546489]	0.0
22.	[2101968948]	0.0
23.	[2303602861]	0.0
24.	[2146595883]	0.0
25.	[2468618410]	0.0
26.	[2114828967]	0.0
27.	[2152679201]	0.0
28.	[2557771536]	0.0
29.	[2717681854, 2146664798, 2127665774]	0.5102040816326531
30.	[2480241949]	0.0
31.	[2056505999]	0.0
32.	[1997037825]	0.0
33.	[228102912]	0.0


PCC 36

0.	[2114965150]	0.0
1.	[1942880919]	0.0
2.	[2029488433]	0.0
3.	[2296729424]	0.0
4.	[2513162093]	0.0
5.	[2002360971]	0.0
6.	[2120897639]	0.0
7.	[2779740822, 270055802, 2096912509]	0.24
8.	[233042646]	0.0
9.	[241780900]	0.0
10.	[2021268131]	0.04
11.	[2673157249]	0.0


PCC 37

0.	[1158934300]	0.0
1.	[2318147181]	0.5


PCC 38

0.	[2301389880]	0.0
1.	[2551687923]	0.0
2.	[2138877871]	0.0
3.	[2065634026]	0.0
4.	[2686488618]	0.0
5.	[2420008042]	0.0
6.	[2098684391]	0.0
7.	[2157308062]	0.0
8.	[2579924890]	0.0
9.	[2098400666]	0.0
10.	[2677425751]	0.0
11.	[2167125010]	0.0
12.	[2295091982]	0.0
13.	[2139654925]	0.0
14.	[2581961543, 2162262477]	0.16
15.	[2139508905]	0.0
16.	[2658407528]	0.0
17.	[2142947146]	0.0
18.	[2116537159]	0.04
19.	[2130993935]	0.0
20.	[2112974599]	0.0
21.	[2721922248]	0.0
22.	[2310920583]	0.0
23.	[2303998404]	0.0
24.	[2468122884]	0.04
25.	[2627107713]	0.0
26.	[2132470913]	0.0


PCC 39

0.	[2029196934, 2076429416, 2167354121, 2107833897, 2164775409, 1794038515, 2117210965, 971226294, 2060257498, 2151570909, 2102688157]	0.8775510204081632
1.	[2712128676]	0.0


PCC 40

0.	[2111634167]	0.0
1.	[2242916949]	0.0
2.	[2093264594]	0.0
3.	[2110170743]	0.0
4.	[1986208804]	0.0
5.	[2041064612]	0.0
6.	[48369249]	0.0625
7.	[2037745951]	0.0
8.	[2119837755]	0.0
9.	[2506598906]	0.0
10.	[2224270997]	0.03125
11.	[1977535315]	0.0
12.	[325195402]	0.0


PCC 41

0.	[2121806443]	0.0
1.	[2562639649]	0.0
2.	[2117105010]	0.16666666666666666
3.	[694839594]	0.0


PCC 42

0.	[639666141]	0.0
1.	[2468182140]	0.0
2.	[1202501558]	0.0
3.	[2135968533]	0.0
4.	[2701928467]	0.0
5.	[2024443744]	0.16666666666666666
6.	[2974837910]	0.0
7.	[2230056477]	0.16666666666666666


PCC 43

0.	[2126237948]	0.0
1.	[2165714491]	0.0
2.	[2292299320]	0.0
3.	[2776434807]	0.0
4.	[1524560149]	0.0
5.	[2156226897]	0.0
6.	[1975069521]	0.0
7.	[2153118160]	0.0
8.	[307521372]	0.125
9.	[2158135548]	0.0
10.	[2098111081]	0.0
11.	[1991131908]	0.0
12.	[2163446563]	0.0
13.	[707865762]	0.0
14.	[1920478529]	0.0


PCC 44

0.	[2763322014]	0.0
1.	[2153687383]	0.0
2.	[2160809552]	0.0
3.	[2103291335, 2286237009, 2066523793, 2111678102, 2477293048]	0.36065573770491804
4.	[2123646430]	0.0
5.	[2570154708]	0.0
6.	[2108624097]	0.0
7.	[2668328581]	0.0
8.	[2112374662, 2096910461, 108406206]	0.3442622950819672
9.	[2640472960]	0.0


PCC 45

0.	[2042460623]	0.0
1.	[2103279754]	0.0
2.	[1915993033]	0.0
3.	[1938834791]	0.0
4.	[2062859054, 2521254510]	0.75


PCC 46

0.	[2111263976]	0.0
1.	[1973314746, 2119538990]	0.4444444444444444
2.	[2289425551]	0.0


PCC 47

0.	[2142025243]	0.0
1.	[2293981250, 2652508295, 2155114799]	0.375
2.	[2495566078]	0.0
3.	[2490485741]	0.0
4.	[2112810595]	0.0


PCC 48

0.	[2167622574]	0
1.	[2893075845]	0
