

PCC 1

0.	[2168876538]	0.0
1.	[2182998134]	0.0
2.	[2005967157]	0.0
3.	[2077013292]	0.0
4.	[2974248810]	0.0
5.	[1251069865]	0.0
6.	[60412772]	0.0
7.	[2151258658]	0.0
8.	[2124068762]	0.0
9.	[2209915284]	0.0
10.	[2261438737]	0.0
11.	[78481487]	0.0
12.	[1997866575]	0.0
13.	[2023528013]	0.0
14.	[2041782220]	0.0
15.	[2275174282]	0.0
16.	[2608279686]	0.5
17.	[102659459]	0.0


PCC 2

0.	[2916494712]	0.0
1.	[1683929717]	0.0
2.	[713914351]	0.0
3.	[2118858088]	0.0
4.	[2886608485]	0.0
5.	[2101918435]	0.0
6.	[212318434]	0.0
7.	[2000276447]	0.0
8.	[2944772701]	0.0
9.	[2109241050]	0.0
10.	[2150282183]	0.0
11.	[2182528064]	0.0
12.	[2083719104]	0.0
13.	[2191181116]	0.0
14.	[2122726074]	0.0
15.	[2583445937]	0.0
16.	[2141509037]	0.0
17.	[2024405932]	0.0
18.	[2310472353]	0.0
19.	[2067580452]	0.0
20.	[225598367]	0.0
21.	[2945339168]	0.0
22.	[1882226335]	0.0
23.	[2310047261]	0.0
24.	[2636023837]	0.0
25.	[1505659925]	0.0
26.	[2130938194]	0.005050505050505051
27.	[2305796302]	0.0
28.	[2076715828]	0.0
29.	[2982321697]	0.0
30.	[1996694547]	0.0
31.	[1985644814]	0.0
32.	[2124825873]	0.0
33.	[110248967, 2798283160, 2644468377, 2158987803, 2117512622, 1948338481, 2613968562, 2191762995, 2148679243, 1256664030, 1740375789, 2744818551]	0.35858585858585856
34.	[2277234034]	0.0
35.	[2709506286]	0.0
36.	[2309753748, 2095597210, 2168298283, 2090046896]	0.12121212121212122
37.	[240551738]	0.0
38.	[2432250672]	0.0
39.	[2101451679]	0.0
40.	[2303091855]	0.0
41.	[2411345163]	0.0
42.	[1954383733]	0.0
43.	[2094020829]	0.0
44.	[2150393614]	0.0
45.	[711491214]	0.0
46.	[2115569417]	0.0
47.	[2947944579]	0.0


PCC 3

0.	[2974254207]	0.0
1.	[2160000370]	0.0
2.	[260113394]	0.0
3.	[2775235949]	0.0
4.	[2118316780]	0.0
5.	[1995790827]	0.0
6.	[2116009706]	0.0
7.	[2101444581]	0.0
8.	[2144048996]	0.0
9.	[2618995423]	0.0
10.	[2143417181]	0.0
11.	[2312949851]	0.0
12.	[2137345622]	0.0
13.	[2153687383]	0.0
14.	[2046393814]	0.0
15.	[2974079445]	0.0
16.	[2556489938]	0.0
17.	[1999507273]	0.0
18.	[2898923852]	0.0
19.	[2617022538]	0.0
20.	[346703939]	0.0
21.	[2662218687]	0.0
22.	[2158893243]	0.0
23.	[2766205113]	0.0
24.	[2629861817]	0.0
25.	[2315179577]	0.0
26.	[2792248371]	0.0
27.	[2054844082]	0.0
28.	[2152671532]	0.0
29.	[2024911655]	0.0
30.	[2161348131]	0.0
31.	[2884182306]	0.0
32.	[2652146461]	0.0
33.	[2225372315]	0.0
34.	[2116128023]	0.0
35.	[2168024214]	0.0
36.	[2109410961]	0.0
37.	[1244974601]	0.0
38.	[2143675271, 2048719660, 1725132105, 2168860362, 2420887148]	0.425531914893617
39.	[2241151633, 1968948545]	0.0851063829787234
40.	[2113952954]	0.0
41.	[2420693655]	0.0
42.	[214878226]	0.0
43.	[2785766916]	0.0


PCC 4

0.	[2044774160]	0


PCC 5



PCC 6

0.	[67480443]	0.0
1.	[2131517558]	0.0
2.	[2139111540]	0.0
3.	[2114004335]	0.0
4.	[1980421613]	0.0
5.	[28193131]	0.0
6.	[2578849750]	0.0
7.	[2100098901]	0.0
8.	[1266997330]	0.0
9.	[2108885708]	0.0
10.	[66820806]	0.0
11.	[2124853440]	0.0
12.	[2266639099]	0.0
13.	[2169669566]	0.0
14.	[2096862781]	0.0
15.	[2772407477]	0.0
16.	[1989800237]	0.0
17.	[2301164714]	0.0
18.	[1620943014]	0.0
19.	[2469111333]	0.0
20.	[2155791777]	0.0
21.	[1988328990]	0.0
22.	[2598964116]	0.0
23.	[2103829928, 2058251574, 1982327768, 2105682791, 1879637872, 335414518, 2167617533]	0.6635514018691588
24.	[2106994032]	0.0
25.	[2974091509]	0.0
26.	[2109098434]	0.0
27.	[414350144]	0.0
28.	[2153105600]	0.0
29.	[1908789546]	0.0
30.	[2512057741]	0.0
31.	[2160564353]	0.0
32.	[2012641024]	0.0


PCC 7

0.	[2485990391]	0.0
1.	[2912108525]	0.0
2.	[2005728876]	0.0
3.	[2980869482]	0.0
4.	[2128048611]	0.0
5.	[2963621088]	0.0
6.	[2344412246]	0.0
7.	[2622366800]	0.0
8.	[2980646991]	0.0
9.	[2921668299]	0.0
10.	[2691236168]	0.0
11.	[2462279364]	0.0
12.	[2889852865]	0.0
13.	[2614428991]	0.0
14.	[2162969788]	0.0
15.	[2624154035]	0.0
16.	[1996431663]	0.0
17.	[1885380884]	0.0
18.	[2950405390]	0.0
19.	[2636682381]	0.0
20.	[2152596491]	0.0
21.	[2982544519]	0.0
22.	[2799190665]	0.0
23.	[2129056645]	0.0044444444444444444
24.	[2129879323]	0.0
25.	[2969923077]	0.0
26.	[2767478940, 2100295637]	0.017777777777777778
27.	[2987992438]	0.0
28.	[2061101942]	0.0
29.	[2987003377]	0.0
30.	[2984659684]	0.0
31.	[2679166308]	0.0
32.	[2597902046]	0.0
33.	[2911213635]	0.0
34.	[2152577076]	0.0
35.	[2989712299]	0.0
36.	[2441435174]	0.0
37.	[2945081382]	0.0
38.	[2644323612]	0.0
39.	[2781456904]	0.0
40.	[2984994055]	0.0
41.	[2805111322, 2111134424]	0.035555555555555556
42.	[2777710079]	0.0
43.	[2782275303]	0.0
44.	[2414779228]	0.0
45.	[2226894673]	0.0
46.	[2781259942]	0.0
47.	[2621597999]	0.0


PCC 8

0.	[2116410742]	0
1.	[2106183752]	0
2.	[2207800025]	0
3.	[2153960200]	0


PCC 9

0.	[2511692926]	0
1.	[2569801243]	0
2.	[2186384567]	0
3.	[1975775799]	0
4.	[303170550]	0
5.	[2429249806]	0
6.	[2250506443]	0
7.	[1915632865]	0


PCC 10

0.	[2617633279]	0.0
1.	[2135883006]	0.0
2.	[2991193019]	0.0
3.	[2612774394]	0.0
4.	[2197065657]	0.0
5.	[2112034102]	0.0
6.	[2122588659]	0.0
7.	[2135591858]	0.0
8.	[2427384688]	0.0
9.	[2129110191]	0.0
10.	[2915371629]	0.0
11.	[2284197286]	0.0
12.	[2282946403]	0.0
13.	[2163560991]	0.0
14.	[2578085563]	0.0
15.	[2279245401]	0.0
16.	[2482227283]	0.0
17.	[2662743634]	0.0
18.	[2171310226]	0.03571428571428571
19.	[2608341104]	0.0
20.	[2163928714]	0.0
21.	[2674707781]	0.0


PCC 11

0.	[2100116847]	0.0
1.	[2095937625]	0.0
2.	[1287450821]	0.0
3.	[113008519, 290274558]	0.26666666666666666
4.	[1484846328]	0.0


PCC 12

0.	[2146387448]	0.0
1.	[1224875509]	0.0
2.	[2782238196]	0.0
3.	[2064393185]	0.0
4.	[2021011417]	0.0
5.	[2037742808]	0.0
6.	[1984130259]	0.0
7.	[2028140240]	0.0
8.	[76530380]	0.0
9.	[2319292354]	0.0
10.	[2711419841]	0.0
11.	[2372578746]	0.0
12.	[81068725]	0.003952569169960474
13.	[2144112298]	0.0
14.	[2288574632]	0.0
15.	[2258767774]	0.0
16.	[46470299]	0.0
17.	[1954235802]	0.0
18.	[2489391096]	0.0
19.	[2195679122]	0.0
20.	[2085880977]	0.0
21.	[332449412]	0.0
22.	[580814456]	0.0
23.	[112182388]	0.0
24.	[1213397108]	0.0
25.	[2948639857]	0.0
26.	[2399628797]	0.0
27.	[2023969377]	0.0
28.	[285722199]	0.0
29.	[2480733002]	0.0
30.	[2137021762]	0.0
31.	[278134592]	0.0
32.	[2309141562]	0.0
33.	[1911282488]	0.0
34.	[2193519928]	0.0
35.	[1980954773]	0.0
36.	[2572083017]	0.0
37.	[2510025783]	0.0
38.	[2576568117]	0.0
39.	[2105864238]	0.0
40.	[222680366]	0.0
41.	[2273707053]	0.0
42.	[2058211624]	0.0
43.	[1970964601, 2130296053]	0.03162055335968379
44.	[2161922758]	0.0
45.	[1989832124]	0.0
46.	[29156430]	0.0
47.	[68675087]	0.0
48.	[2144446980]	0.0
49.	[2169507332, 2155697977, 2168129606, 2152748675, 2078454212, 2169544406, 2537523171, 1971726845]	0.17786561264822134
50.	[2165532159]	0.0
51.	[2760752072]	0.0
52.	[2757437565]	0.0
53.	[2150454853]	0.0
54.	[2357163472]	0.0
55.	[1992851618]	0.0
56.	[2621583694]	0.0
57.	[2158996540]	0.0
58.	[2158748514]	0.0


PCC 13

0.	[2158719935]	0.0
1.	[2507488702]	0.0
2.	[2115586749]	0.0
3.	[2287603129]	0.0
4.	[2156530421]	0.0
5.	[2234128381]	0.0
6.	[2155740526]	0.0
7.	[2170454382]	0.0
8.	[1076483373]	0.0
9.	[2171539510]	0.009708737864077669
10.	[2253496617]	0.0
11.	[2286841641]	0.0
12.	[2302816805]	0.0
13.	[2945468193]	0.0
14.	[2105763867]	0.0
15.	[2137979226]	0.0
16.	[2121054036]	0.0
17.	[2121694290]	0.0
18.	[1168736529]	0.0
19.	[2580806414]	0.0
20.	[1187850377]	0.0
21.	[2230335881]	0.0
22.	[2140593224, 2132896331, 2097884319, 2109387874, 2195225068, 2099427892]	0.8058252427184466
23.	[2171527329]	0.0
24.	[2143514246]	0.0
25.	[2323410178]	0.0


PCC 14

0.	[2222511166]	0.0
1.	[2150554866]	0.0
2.	[2120526064]	0.0
3.	[2192114473]	0.0
4.	[2124480168]	0.0
5.	[2707843683]	0.0
6.	[2171660386]	0.0
7.	[2124142177]	0.0
8.	[2557835608]	0.0
9.	[1996466583]	0.0
10.	[2029725838]	0.0
11.	[2050305038]	0.0
12.	[1992979146]	0.0
13.	[2279061130]	0.0
14.	[2138309126]	0.0
15.	[2261313287]	0.0625
16.	[2779164984]	0.0
17.	[2973463478]	0.0
18.	[2009643342]	0.0
19.	[2100707141]	0.0
20.	[340012993]	0.0
21.	[2947717632]	0.0
22.	[2146008257]	0.0
23.	[1448055808]	0.0


PCC 15

0.	[2115938681]	0.0
1.	[2594060279]	0.0
2.	[2595695404]	0.0
3.	[2034085542]	0.0
4.	[2105350755]	0.0
5.	[2321956385]	0.0
6.	[2138286461]	0.0
7.	[2530960729]	0.0
8.	[2207926141]	0.041666666666666664
9.	[2153773055]	0.0
10.	[2868635032]	0.0
11.	[2322817360]	0.0
12.	[2739782798]	0.0
13.	[2403970763]	0.0
14.	[2162010601]	0.08333333333333333
15.	[2156373944]	0.041666666666666664
16.	[1974375279]	0.0
17.	[1818914027]	0.0
18.	[2058895776]	0.0
19.	[2138877898]	0.0
20.	[2576847494]	0.0


PCC 16

0.	[2416496314]	0.0
1.	[2136475958]	0.0
2.	[2805883763]	0.0
3.	[2121069363]	0.0
4.	[2007797616]	0.0
5.	[2653310635]	0.0
6.	[2303825066]	0.0
7.	[2071998504]	0.0
8.	[2502580703]	0.0
9.	[2665071391]	0.0
10.	[2150008351]	0.0
11.	[2304786526]	0.0
12.	[2669937692]	0.0
13.	[2098767124]	0.0
14.	[2141870096]	0.0
15.	[2099541584]	0.0
16.	[2102340174]	0.0
17.	[2120727437]	0.0
18.	[2116717946, 2146064283, 2150154469, 2432556661]	0.38095238095238093
19.	[2102216805]	0.0
20.	[2138469899]	0.0
21.	[2300598665]	0.0
22.	[2283364744]	0.0
23.	[2152823110]	0.0
24.	[2286954118]	0.0
25.	[2922897795]	0.0
26.	[2595303683]	0.0
27.	[2156726337]	0.0


PCC 17

0.	[2119689471]	0.0
1.	[2123900790]	0.0
2.	[2945907445]	0.0
3.	[2940708845]	0.0
4.	[2479162221]	0.0
5.	[2104136804]	0.0
6.	[2656046049]	0.0
7.	[2921288544]	0.0
8.	[2940682588]	0.0
9.	[2913906394]	0.0
10.	[2793298517]	0.0
11.	[2307520724]	0.0
12.	[2635429972]	0.0
13.	[2663061329]	0.0
14.	[2642494673]	0.0
15.	[2953524689]	0.0
16.	[2942466256]	0.0
17.	[2973674319]	0.0
18.	[2921421768]	0.0
19.	[1964939973]	0.0
20.	[2122098371]	0.0
21.	[2127240129]	0.0
22.	[2940832703]	0.0
23.	[2954961981]	0.0
24.	[2564845501]	0.0
25.	[2886178747]	0.0
26.	[2951830967]	0.0
27.	[2886506806]	0.0
28.	[2492838068]	0.0
29.	[2180561075]	0.0
30.	[2957948338]	0.0
31.	[2251186863]	0.0
32.	[2655204770]	0.0
33.	[2940974881]	0.0
34.	[2887018526]	0.0
35.	[2791776281]	0.0
36.	[2704401562]	0.0
37.	[2758274969]	0.0
38.	[2101255316]	0.0
39.	[2941502995]	0.0
40.	[2885476237]	0.0
41.	[2886743564]	0.0
42.	[2922304776]	0.0
43.	[2099983110]	0.0
44.	[2942333189]	0.0
45.	[2885106564]	0.0
46.	[2167348271]	0.0078125
47.	[2542471538]	0.0
48.	[2148076503]	0.0
49.	[2564848323]	0.0
50.	[2109655100]	0.0
51.	[2047018924, 1994637948]	0.0390625
52.	[2289637486]	0.0
53.	[2956480190]	0.0
54.	[2110029363]	0.0
55.	[2136098704]	0.0
56.	[2257893379]	0.0
57.	[2941906049]	0.0
58.	[2133777537]	0.0


PCC 18

0.	[2802879870]	0.0
1.	[2934265213]	0.0
2.	[1963649649]	0.0
3.	[2110343151]	0.0
4.	[2310202602]	0.0
5.	[2648333929]	0.0
6.	[1976315876]	0.0
7.	[2111311450]	0.0
8.	[2162525018]	0.0
9.	[2102562383]	0.0
10.	[2974740802]	0.0
11.	[2740985780]	0.0
12.	[2306654510]	0.0
13.	[2609873710]	0.0
14.	[2503782185]	0.0
15.	[2759616675]	0.0
16.	[1831418529]	0.0
17.	[2569193760]	0.0
18.	[2469216556, 2151804848, 2129404799]	0.045871559633027525
19.	[2491962855]	0.0
20.	[2516130005]	0.0
21.	[2434797223]	0.0
22.	[2100950939]	0.0
23.	[1870396333]	0.0045871559633027525
24.	[2051192294]	0.0045871559633027525
25.	[298026836]	0.0
26.	[2013063707]	0.0
27.	[1216427927]	0.0
28.	[2236752787]	0.0
29.	[2801377680]	0.0
30.	[1960223503]	0.0
31.	[1973175564, 2182147601, 1988380700, 2009470241, 2158092101, 2621115333, 2068845266, 2303681378]	0.43577981651376146
32.	[32547045]	0.0
33.	[2503948618]	0.0
34.	[1982909132]	0.0
35.	[2351112761]	0.0
36.	[2138380560]	0.0
37.	[2152097669]	0.0
38.	[86735488]	0.0
39.	[2058839294]	0.0045871559633027525


PCC 19

0.	[2807207934]	0.0
1.	[2195097333]	0.0
2.	[2294082537]	0.0
3.	[2970711141]	0.0
4.	[700701283]	0.0
5.	[2147974866]	0.0
6.	[319246674]	0.0
7.	[2107452622]	0.0
8.	[2048342219]	0.0
9.	[2236192971]	0.0
10.	[2086225855]	0.0
11.	[2670361917]	0.0
12.	[356182455]	0.0
13.	[2469909555]	0.0
14.	[5273470, 2093895374]	0.07407407407407407
15.	[2142518979]	0.0
16.	[2896833072]	0.0
17.	[1627015213]	0.0
18.	[2235801643]	0.0
19.	[2491593252]	0.0
20.	[2939752099]	0.0
21.	[2940032417]	0.0
22.	[1545532702]	0.0
23.	[2479401495]	0.018518518518518517
24.	[2006899475]	0.0
25.	[2187358098]	0.0
26.	[2274382861]	0.0
27.	[2065581447, 2688319911]	0.07407407407407407
28.	[2007120082]	0.0
29.	[2630598020]	0.0
30.	[2737237284]	0.018518518518518517
31.	[699740264]	0.037037037037037035
32.	[2070795449]	0.0
33.	[2114334649]	0.0


PCC 20

0.	[2021557885]	0.0
1.	[2224485244]	0.0
2.	[2505350522]	0.0
3.	[2127547127]	0.0
4.	[2435180401]	0.0
5.	[2121082737]	0.0
6.	[2112183790]	0.0
7.	[2421992045]	0.0
8.	[2670034793]	0.0
9.	[2099668966]	0.0
10.	[2611978724]	0.0
11.	[2659704930]	0.0
12.	[2669561179]	0.0
13.	[2234370517]	0.0
14.	[2420712277]	0.0
15.	[2159371856]	0.0
16.	[2246234318]	0.0
17.	[2778102731]	0.0
18.	[2143765190]	0.0
19.	[2149631809]	0.0
20.	[2697544378]	0.0
21.	[259249205]	0.0
22.	[2124438966]	0.0
23.	[2667350581]	0.0
24.	[2046376243]	0.0
25.	[2303094063]	0.0
26.	[2978312238]	0.0
27.	[2284620333]	0.0
28.	[2180303268]	0.0
29.	[2139815839]	0.0
30.	[2752904989]	0.0
31.	[2102137111]	0.0
32.	[2112944148, 2278444009]	0.11428571428571428
33.	[2160150884]	0.0
34.	[2895863185]	0.0
35.	[2516592133]	0.0
36.	[2306056197]	0.0
37.	[294903043]	0.0
38.	[2978693378]	0.0
39.	[2128540225, 2136959692]	0.11428571428571428
40.	[2919069945]	0.0
41.	[2113779796]	0.0


PCC 21

0.	[2980864762]	0.0
1.	[2593217274]	0.0
2.	[2141729011]	0.0
3.	[2717155834]	0.0
4.	[2079150322]	0.0
5.	[2990873832]	0.0
6.	[2308378844]	0.0
7.	[2098147036]	0.0
8.	[2128616155]	0.0
9.	[2663206871]	0.0
10.	[2525533649]	0.0
11.	[2957313488]	0.0
12.	[2289308872]	0.0
13.	[2788907974]	0.0
14.	[2307711420]	0.0
15.	[2639933372]	0.0
16.	[2958999215]	0.0
17.	[2762446754]	0.0
18.	[2775994258]	0.0
19.	[2806021778]	0.0
20.	[2488838541]	0.0
21.	[2633795720]	0.0
22.	[2223163528]	0.0
23.	[2428571269]	0.0
24.	[2136632959]	0.0
25.	[2306900094]	0.0
26.	[2312077945]	0.0
27.	[2689882230]	0.0
28.	[2107803903]	0.0064516129032258064
29.	[2184381038]	0.0
30.	[2639260782]	0.0
31.	[2788252523]	0.0
32.	[2419996774]	0.0
33.	[2648045154]	0.0
34.	[2054682710]	0.0
35.	[2618462548]	0.0
36.	[2974289232]	0.0
37.	[2275853904]	0.0
38.	[2664185679]	0.0
39.	[2111317318]	0.0
40.	[2181331778]	0.0
41.	[2659730751]	0.0
42.	[2617328699]	0.0
43.	[2150813751]	0.0
44.	[2153170226]	0.0
45.	[2131084071]	0.0
46.	[2435795745]	0.0
47.	[2191573790]	0.0
48.	[2766192925]	0.0
49.	[2959698198]	0.0
50.	[1999536656]	0.0
51.	[2493535503]	0.0
52.	[2658314510]	0.0
53.	[2163470342]	0.0
54.	[2171932422]	0.0
55.	[2953368070]	0.0
56.	[2194702591]	0.0
57.	[2916255243, 2646329355, 2106866729, 2163830057, 2299437103, 2110542169, 2608506984, 2776399727, 2131585752, 2515562216]	0.41935483870967744
58.	[2907377662]	0.0
59.	[2119564347]	0.0
60.	[2118003487]	0.0
61.	[2530972163]	0.0


PCC 22

0.	[2696202366]	0.0
1.	[2796571259]	0.0
2.	[2746529528]	0.0
3.	[2622954871]	0.0
4.	[2149397105]	0.0
5.	[2892664428]	0.0
6.	[2190450412]	0.0
7.	[2296103144]	0.0
8.	[2096236645]	0.0
9.	[2127179134]	0.0
10.	[2160774113]	0.0
11.	[2223533022]	0.0
12.	[1162469211]	0.0
13.	[2141933658]	0.0
14.	[2650938711]	0.0
15.	[2102338519]	0.0
16.	[2227416660]	0.0
17.	[2690363857]	0.0
18.	[2969965777]	0.0
19.	[2752255821]	0.0
20.	[2118078281]	0.0
21.	[2970353990]	0.0
22.	[36542275]	0.0
23.	[2685482818]	0.0
24.	[2892384449]	0.0
25.	[2778258744]	0.0
26.	[2663756727]	0.0
27.	[2562508798]	0.0
28.	[2243627445]	0.0
29.	[2890276146]	0.0
30.	[2797276463]	0.0
31.	[2673527464]	0.0
32.	[2296433447]	0.0
33.	[2717320610]	0.0
34.	[2692440355]	0.0
35.	[2748551714]	0.0
36.	[2137831073]	0.0
37.	[2422369819]	0.0
38.	[2981678493]	0.0
39.	[2051900316]	0.0
40.	[2894303003]	0.0
41.	[2131026200]	0.0
42.	[2105519897]	0.0
43.	[2806249368]	0.0
44.	[2162842903]	0.0
45.	[2104737429]	0.0
46.	[2603303308]	0.0
47.	[2750890124]	0.0
48.	[1982686475]	0.0
49.	[2982193929]	0.0
50.	[2697264264]	0.0
51.	[2747035527]	0.0
52.	[2893262849]	0.0
53.	[1991743105]	0.0
54.	[2981793408]	0.0
55.	[2583553233]	0.05555555555555555
56.	[2140326241]	0.0
57.	[2396992184]	0.0
58.	[2223444130]	0.0
59.	[2583773520]	0.0
60.	[2494165818]	0.0
61.	[2440669359]	0.0
62.	[2161154216]	0.0


PCC 23

0.	[2106770748]	0.0
1.	[2129457005]	0.0
2.	[2612019691]	0.0
3.	[2154798116]	0.0
4.	[2792011807]	0.0
5.	[2144988246]	0.0
6.	[2893454193]	0.16666666666666666
7.	[2127992686]	0.0
8.	[294455658]	0.0
9.	[2973600085]	0.0
10.	[38349329]	0.0
11.	[2072577296]	0.0
12.	[2111851983]	0.0
13.	[2176211339]	0.0
14.	[2884419719]	0.0
15.	[2094422214]	0.0
16.	[2669062722]	0.0


PCC 24

0.	[2940205873]	0.0
1.	[2062477293]	0.0
2.	[2108281707]	0.0
3.	[2155324070]	0.0
4.	[2036027489]	0.0
5.	[2182042274]	0.0
6.	[2974387873]	0.0
7.	[2969322528]	0.0
8.	[2689840733]	0.0
9.	[1224594970]	0.0
10.	[2081690908, 2090135549]	0.05263157894736842
11.	[1277157658]	0.0
12.	[1989062233]	0.0
13.	[2089389847]	0.0
14.	[2752721874]	0.0
15.	[1997316624]	0.0
16.	[2200356811, 2291982736, 2045336371]	0.15789473684210525
17.	[2614198451]	0.0
18.	[2157530801]	0.0
19.	[1866971657]	0.0
20.	[1074317828]	0.0
21.	[2753585602]	0.0
22.	[1242681600]	0.0


PCC 25

0.	[2108695420]	0.0
1.	[2137621302]	0.0
2.	[1991881270]	0.0
3.	[2138034163]	0.0
4.	[2786222638]	0.0
5.	[2159840174]	0.0
6.	[2303706220]	0.0
7.	[2438516713]	0.0
8.	[2206421606]	0.0
9.	[2974491168]	0.0
10.	[2677411677]	0.0
11.	[2769622812]	0.0
12.	[2603796443]	0.0
13.	[2131891224]	0.0
14.	[2917341782]	0.0
15.	[2896925261]	0.0
16.	[2291007117, 2097766447]	1.0
17.	[2768877836]	0.0
18.	[2093693836]	0.0
19.	[2113724362]	0.0
20.	[2488846090]	0.0
21.	[2002991493]	0.0
22.	[2424839621]	0.0
23.	[2163432323]	0.0
24.	[2090845954]	0.0
25.	[2609004928]	0.0
26.	[2130419392]	0.0


PCC 26

0.	[2299033983]	0
1.	[2748871678]	0
2.	[2752068602]	0
3.	[1482611513]	0
4.	[2104995575]	0
5.	[2311156855]	0
6.	[2225198574]	0
7.	[2170165422]	0
8.	[2436591210]	0
9.	[2105107880]	0
10.	[2298299938]	0
11.	[2171544993]	0
12.	[1990863773]	0
13.	[1961022492]	0
14.	[2038601627]	0
15.	[2940602970]	0
16.	[2150527511]	0
17.	[2940877783]	0
18.	[2007304721]	0
19.	[2032555279]	0
20.	[2658491662]	0
21.	[2750670413]	0
22.	[2752903244]	0
23.	[2308415883]	0
24.	[2753558535]	0
25.	[2031793861]	0
26.	[2906684740]	0
27.	[2968703994]	0


PCC 27

0.	[2527167101]	0.0
1.	[2329097980]	0.0
2.	[2531826390]	0.0
3.	[2125090889]	0.0
4.	[716622119, 2030807056]	0.6666666666666666
5.	[2464999046]	0.0
6.	[1763392290]	0.0
7.	[1995330977]	0.0


PCC 28

0.	[2641101239]	0.0
1.	[2225947635]	0.0
2.	[9812142]	0.0
3.	[2673828586]	0.0
4.	[2587431914]	0.0
5.	[2266751337]	0.0
6.	[2148573281]	0.0
7.	[2885315227]	0.0
8.	[2108934043]	0.0
9.	[2120117529]	0.0
10.	[2108928151]	0.0
11.	[2977133077]	0.0
12.	[2292540048]	0.0
13.	[2610641871]	0.0
14.	[2786627151]	0.1
15.	[2530571260]	0.0
16.	[2097690609]	0.0
17.	[2466710729]	0.0
18.	[2015843272]	0.0
19.	[2154688392]	0.0
20.	[2145548103]	0.0
21.	[2419894020]	0.0
22.	[2792601924]	0.0
23.	[2765319363]	0.0
24.	[2566606722]	0.0
25.	[2893607809]	0.0


PCC 29

0.	[2154530845]	0.0
1.	[2973815257]	0.0
2.	[325064459]	0.0
3.	[2974646121]	0.0
4.	[2128184600, 2284195277, 2108049364, 141154712, 2165534910]	0.6595744680851063
5.	[2110559679]	0.0
6.	[2809979322]	0.0


PCC 30

0.	[2660401916]	0.0
1.	[2625326714]	0.0
2.	[2420013409]	0.0
3.	[2889139805]	0.0
4.	[2116471127]	0.0
5.	[2427048662]	0.0
6.	[2492057428]	0.0
7.	[2769957328]	0.0
8.	[2697510482]	0.0
9.	[2423075020]	0.0
10.	[2425744831]	0.0
11.	[2783419828]	0.0
12.	[2751991343]	0.0
13.	[2149514797, 2122193271]	0.057971014492753624
14.	[2583306157]	0.0
15.	[2768484779]	0.0
16.	[2588225402]	0.014492753623188406
17.	[2686763243]	0.0
18.	[2110317904]	0.0
19.	[2889206187]	0.0
20.	[2107364696, 2142026608]	0.057971014492753624
21.	[2786794848]	0.0
22.	[2306075217]	0.0
23.	[2664235841]	0.0
24.	[2310734762]	0.0
25.	[2226640935]	0.0
26.	[2104129307]	0.0
27.	[2516427284]	0.0
28.	[2786726163]	0.0
29.	[2107070739]	0.014492753623188406
30.	[2302730855]	0.0
31.	[2150264287]	0.0
32.	[2689434645]	0.0
33.	[2683512592]	0.0
34.	[2626832520]	0.0


PCC 31

0.	[2095609082]	0.0
1.	[2148452089]	0.0
2.	[2166006133]	0.0
3.	[2147808238]	0.0
4.	[2166614894]	0.0
5.	[413788007]	0.0
6.	[2261180507]	0.0
7.	[2979897941]	0.0
8.	[2104418643]	0.0
9.	[2979904462]	0.0
10.	[2132649285]	0.0
11.	[2136434754]	0.0
12.	[2626056238]	0.0
13.	[2100755756]	0.0
14.	[2620518057]	0.0
15.	[2668667049]	0.0
16.	[2421153114]	0.0
17.	[2192020951]	0.0
18.	[2158770758]	0.0
19.	[2112439973]	0.0
20.	[2079160086, 1949616356, 2568389241]	0.24324324324324326
21.	[2669647861]	0.0
22.	[2168598862]	0.0
23.	[2703803048]	0.0
24.	[2143858581]	0.0
25.	[2295286801]	0.0
26.	[2657980944]	0.0
27.	[1971310225]	0.0
28.	[2961594256]	0.0
29.	[2667755403]	0.0
30.	[2770665993]	0.0
31.	[2132438148]	0.0
32.	[2133542786]	0.0


PCC 32

0.	[2141883181]	0
1.	[2052320492]	0
2.	[2006600044]	0
3.	[2681197077]	0
4.	[1275797745]	0


PCC 33

0.	[2434498684]	0.0
1.	[2170386873]	0.0
2.	[2592708406]	0.0
3.	[2574786164]	0.0
4.	[2143611120]	0.0
5.	[2121813290]	0.0
6.	[2540498725]	0.0
7.	[2675983776]	0.0
8.	[2635185824]	0.0
9.	[2157604921, 2136971955]	0.5
10.	[2809940382]	0.0
11.	[2114795990]	0.0
12.	[2916586769]	0.0
13.	[2624972305]	0.0
14.	[2165386180]	0.0


PCC 34

0.	[2617415478]	0.0
1.	[2726391797]	0.0
2.	[1841792147]	0.0
3.	[2094963630]	0.0
4.	[2163744169]	0.0
5.	[2780341830]	0.0
6.	[280701752]	0.08333333333333333
7.	[197223292]	0.0
8.	[325346290]	0.0
9.	[682452844]	0.0
10.	[2556995520]	0.0


PCC 35

0.	[707607996]	0
1.	[2111004954]	0
2.	[2118029367]	0
3.	[2702991030]	0
4.	[2133791891]	0
5.	[1956387186]	0
6.	[2222627537]	0
7.	[2511260496]	0
8.	[2122668238]	0
9.	[2167730221]	0
10.	[2149339036]	0
11.	[1973297286]	0
12.	[2134649220]	0
13.	[2567269472]	0


PCC 36

0.	[2673925340]	0
1.	[2305325273]	0
2.	[2144971638]	0
3.	[2142547891]	0
4.	[2722706797]	0
5.	[2485676879]	0
6.	[2627412079]	0
7.	[2774316334]	0
8.	[2426174957]	0
9.	[2664725190]	0
10.	[2279001444]	0
11.	[2692611460]	0
12.	[2303878307]	0
13.	[2588242145]	0
14.	[2623169184]	0


PCC 37

0.	[2073398933]	0
1.	[2625171985]	0
2.	[1998328463]	0
3.	[2164800493]	0
4.	[2096559244]	0
5.	[2218362054]	0
6.	[2110150181]	0
7.	[26172899]	0


PCC 38

0.	[1937312645]	0
1.	[640907747]	0
2.	[1914926697]	0


PCC 39

0.	[2891556340]	0.0
1.	[2890648396]	0.0
2.	[2608693863]	0.0
3.	[2113462484]	0.125
4.	[2676708825]	0.0
5.	[2610591563]	0.0
6.	[2132417921]	0.0
7.	[2286237009]	0.0625
8.	[2310191432]	0.0


PCC 40

0.	[2635702585]	0.0
1.	[2013994038]	0.0
2.	[2739923759]	0.0
3.	[2694897578]	0.0
4.	[2161149221]	0.0
5.	[2226151461]	0.0
6.	[1998852580]	0.0
7.	[2675577123]	0.0
8.	[2110547101]	0.0
9.	[2651228025]	0.0
10.	[2714197075]	0.0
11.	[2304120530, 2796378770]	0.4
12.	[2444582312]	0.0
13.	[2637396645]	0.0
14.	[2116981583]	0.0
15.	[2114716943]	0.0
16.	[2656612738]	0.0
17.	[2114908038]	0.0
18.	[2133675653]	0.0
19.	[2115754563]	0.0
20.	[2117499587]	0.0
21.	[2305253506]	0.0
22.	[2120394816]	0.0


PCC 41

0.	[2799555772]	0
1.	[2779237367]	0
2.	[2420583661]	0
3.	[2156148776]	0
4.	[2637457061]	0
5.	[2897622561]	0
6.	[2145283039]	0
7.	[2939700766]	0
8.	[2158585179]	0
9.	[2131598680]	0
10.	[2780625688]	0
11.	[2623605143]	0
12.	[2897925717]	0
13.	[2004228948]	0
14.	[2801824526]	0
15.	[2897272202]	0
16.	[2154296839]	0
17.	[2802963078]	0
18.	[2792720064]	0


PCC 42

0.	[2117336285]	0.0
1.	[1965266424]	0.0
2.	[2337824086]	0.0
3.	[2082805072]	0.0
4.	[2053238798]	0.0
5.	[2129866091]	0.0
6.	[2172120578]	0.0
7.	[2157095084]	0.08333333333333333
8.	[270055802]	0.0
9.	[2132118157]	0.0


PCC 43

0.	[2105505918]	0.0
1.	[2112147641]	0.0
2.	[2169112117]	0.0
3.	[2074170867]	0.0
4.	[2487847411]	0.0
5.	[2151398381]	0.0
6.	[2080649286]	0.0
7.	[2158227529, 2123402623]	0.6
8.	[2020729221]	0.0


PCC 44

0.	[2508149070]	0.0
1.	[1983354756]	0.0
2.	[2161839781, 2000097743]	0.5
3.	[2069082465]	0.0
4.	[714796449]	0.0


PCC 45

0.	[1273541113]	0.0
1.	[264202680]	0.0
2.	[2037749237]	0.0
3.	[2304296946]	0.0
4.	[2301744481]	0.0
5.	[2101380955]	0.0
6.	[2102383831]	0.022222222222222223
7.	[2240045087]	0.0
8.	[2746379540]	0.0
9.	[2767885588]	0.0
10.	[2148286161]	0.0
11.	[2070910730, 2110632087, 2119311098, 2239097853, 2125365310]	0.5333333333333333
12.	[2069659252]	0.0
13.	[2112493156]	0.0
14.	[2636486041]	0.0
15.	[2103353751]	0.0
16.	[2705896453]	0.0


PCC 46

0.	[2712890102]	0
1.	[2147457014]	0
2.	[2127441797]	0
3.	[2126265987]	0
4.	[2222824643]	0


PCC 47

0.	[2050734970]	0.0
1.	[113165838]	0.0
2.	[216075398, 200915819, 2192965622, 127393751]	0.4444444444444444
3.	[2079098163]	0.0
4.	[2148166381]	0.027777777777777776
5.	[254993851]	0.0


PCC 48

0.	[2636184606]	0
1.	[2119616764]	0
2.	[2011792538]	0
3.	[2650699256]	0
4.	[2632674006]	0
5.	[2696180600]	0
6.	[2162124564]	0
7.	[2661839378]	0
8.	[2342617357]	0
9.	[2714066404]	0


PCC 49

0.	[2237729119]	0
1.	[2138625242]	0
2.	[2756172565]	0
3.	[2176667029]	0
4.	[2659308723]	0
5.	[2755480241]	0
6.	[2793891153]	0
7.	[2720093134]	0
8.	[2531387529]	0
9.	[2754567816]	0
10.	[2911911590]	0
11.	[2145800998]	0


PCC 50

0.	[2303232582]	0
1.	[238978933]	0
2.	[2617165044]	0
3.	[2135070842]	0


PCC 51

0.	[2116903878]	0.3333333333333333
1.	[2059048477]	0.0
2.	[2606047813]	0.0


PCC 52

0.	[2783859002]	0.0
1.	[2791317526]	0.0
2.	[2154166576]	0.0
3.	[2647042543]	0.0
4.	[2790394633]	0.0
5.	[2558653614, 2286854676]	0.09523809523809523
6.	[2940162033]	0.0
7.	[2761656399]	0.0
8.	[2763033097]	0.0
9.	[2764326275]	0.0


PCC 53

0.	[2734419195]	0.0
1.	[2137414199]	0.0
2.	[2990541296]	0.0
3.	[2265975597]	0.0
4.	[2765279718]	0.0
5.	[2800975776]	0.0
6.	[2809388766]	0.0
7.	[2137348377, 2170453683, 2893674872]	0.375
8.	[2172217660]	0.0
9.	[2678133114]	0.0
10.	[2201945081]	0.0
11.	[2919010988]	0.0
12.	[167516114]	0.0
13.	[2225213003]	0.0
14.	[2109986305]	0.0


PCC 54

0.	[2772767674]	0
1.	[2902789112]	0
2.	[2131821015]	0
3.	[2552593622]	0
4.	[2902919051]	0
5.	[2886601834]	0
6.	[2903560410]	0
7.	[2902847464]	0
8.	[2893684037]	0
9.	[2099856836]	0
10.	[2766379747]	0
11.	[2883867808]	0
