1. {102659459, 2608279686, 2275174282, 2041782220, 2023528013, 1997866575, 78481487, 2261438737, 2209915284, 2124068762, 2151258658, 60412772, 1251069865, 2974248810, 2077013292, 2005967157, 2182998134, 2168876538}

2. {2947944579, 110248967, 2115569417, 2411345163, 711491214, 2150393614, 2303091855, 2124825873, 1985644814, 1996694547, 2309753748, 1505659925, 2798283160, 2644468377, 2095597210, 2158987803, 2636023837, 2310047261, 1882226335, 2945339168, 2982321697, 225598367, 2101451679, 2067580452, 2310472353, 2168298283, 2024405932, 2141509037, 2117512622, 2432250672, 1948338481, 2613968562, 2583445937, 2076715828, 2191762995, 2090046896, 240551738, 2122726074, 2191181116, 2083719104, 2182528064, 2150282183, 2148679243, 2305796302, 2130938194, 2109241050, 2944772701, 2094020829, 1256664030, 2000276447, 212318434, 2101918435, 2886608485, 2118858088, 1740375789, 2709506286, 713914351, 2277234034, 1683929717, 1954383733, 2744818551, 2916494712}

3. {2785766916, 2143675271, 1244974601, 2241151633, 214878226, 2109410961, 2168024214, 2420693655, 2116128023, 2225372315, 2652146461, 2884182306, 2161348131, 2024911655, 2048719660, 2152671532, 2054844082, 2792248371, 2315179577, 2629861817, 2766205113, 2113952954, 2158893243, 2662218687, 1968948545, 346703939, 1725132105, 2168860362, 2617022538, 2898923852, 1999507273, 2556489938, 2974079445, 2046393814, 2153687383, 2137345622, 2312949851, 2143417181, 2618995423, 2144048996, 2101444581, 2116009706, 1995790827, 2420887148, 2118316780, 2775235949, 260113394, 2160000370, 2974254207}

4. {2044774160}

5. set()

6. {2012641024, 2160564353, 2512057741, 2598964116, 1988328990, 2155791777, 2469111333, 1620943014, 2103829928, 1908789546, 2301164714, 1989800237, 2772407477, 2058251574, 2096862781, 2169669566, 2266639099, 2153105600, 414350144, 2109098434, 2124853440, 66820806, 2108885708, 1266997330, 2100098901, 2578849750, 1982327768, 2105682791, 28193131, 1980421613, 2114004335, 1879637872, 2106994032, 2139111540, 2974091509, 335414518, 2131517558, 67480443, 2167617533}

7. {2969923077, 2129056645, 2984994055, 2781456904, 2799190665, 2982544519, 2152596491, 2636682381, 2950405390, 1885380884, 2805111322, 2129879323, 2644323612, 2767478940, 2781259942, 2945081382, 2441435174, 2989712299, 2621597999, 1996431663, 2624154035, 2152577076, 2162969788, 2614428991, 2889852865, 2911213635, 2462279364, 2691236168, 2921668299, 2980646991, 2622366800, 2226894673, 2100295637, 2344412246, 2111134424, 2414779228, 2597902046, 2963621088, 2128048611, 2679166308, 2984659684, 2782275303, 2980869482, 2005728876, 2912108525, 2987003377, 2485990391, 2061101942, 2987992438, 2777710079}

8. {2153960200, 2207800025, 2106183752, 2116410742}

9. {1915632865, 2250506443, 2429249806, 303170550, 1975775799, 2186384567, 2569801243, 2511692926}

10. {2674707781, 2163928714, 2171310226, 2662743634, 2482227283, 2279245401, 2578085563, 2163560991, 2282946403, 2284197286, 2915371629, 2129110191, 2608341104, 2427384688, 2135591858, 2122588659, 2112034102, 2197065657, 2612774394, 2991193019, 2135883006, 2617633279}

11. {1287450821, 113008519, 1484846328, 2095937625, 290274558, 2100116847}

12. {2169507332, 2144446980, 68675087, 2058211624, 2273707053, 222680366, 2105864238, 2576568117, 2510025783, 2193519928, 1911282488, 2309141562, 2155697977, 2158996540, 278134592, 2137021762, 2150454853, 2168129606, 2572083017, 2480733002, 2621583694, 29156430, 285722199, 2023969377, 2158748514, 2399628797, 2948639857, 1213397108, 112182388, 580814456, 1970964601, 2757437565, 2152748675, 332449412, 2085880977, 2195679122, 1980954773, 2489391096, 1954235802, 46470299, 2258767774, 1992851618, 2288574632, 2144112298, 81068725, 2372578746, 1989832124, 2711419841, 2319292354, 2078454212, 2161922758, 2760752072, 76530380, 2028140240, 2357163472, 1984130259, 2169544406, 2037742808, 2021011417, 2064393185, 2537523171, 2782238196, 2130296053, 1224875509, 2146387448, 1971726845, 2165532159}

13. {2323410178, 2143514246, 2140593224, 2230335881, 1187850377, 2132896331, 2580806414, 1168736529, 2121694290, 2121054036, 2137979226, 2105763867, 2097884319, 2171527329, 2109387874, 2945468193, 2302816805, 2286841641, 2253496617, 2195225068, 1076483373, 2170454382, 2155740526, 2234128381, 2099427892, 2156530421, 2171539510, 2287603129, 2115586749, 2507488702, 2158719935}

14. {1448055808, 2146008257, 2947717632, 340012993, 2100707141, 2138309126, 2261313287, 2279061130, 1992979146, 2009643342, 2050305038, 2029725838, 1996466583, 2557835608, 2124142177, 2171660386, 2707843683, 2124480168, 2192114473, 2120526064, 2150554866, 2973463478, 2779164984, 2222511166}

15. {2576847494, 2138877898, 2403970763, 2739782798, 2322817360, 2868635032, 2530960729, 2138286461, 2058895776, 2321956385, 2105350755, 2034085542, 2162010601, 1818914027, 2595695404, 1974375279, 2594060279, 2156373944, 2115938681, 2207926141, 2153773055}

16. {2156726337, 2595303683, 2922897795, 2286954118, 2152823110, 2283364744, 2300598665, 2138469899, 2120727437, 2102340174, 2116717946, 2099541584, 2141870096, 2098767124, 2146064283, 2669937692, 2304786526, 2150008351, 2665071391, 2502580703, 2102216805, 2150154469, 2071998504, 2303825066, 2653310635, 2007797616, 2121069363, 2805883763, 2432556661, 2136475958, 2416496314}

17. {2133777537, 2941906049, 2257893379, 2885106564, 2942333189, 2099983110, 2922304776, 2886743564, 2885476237, 2136098704, 2941502995, 2101255316, 2758274969, 2704401562, 2791776281, 2887018526, 2940974881, 2655204770, 2047018924, 2167348271, 2251186863, 2957948338, 2110029363, 2180561075, 2492838068, 2886506806, 2951830967, 2886178747, 2109655100, 2564845501, 2954961981, 2956480190, 2940832703, 2127240129, 2564848323, 2122098371, 1964939973, 2921421768, 2973674319, 2942466256, 2953524689, 2642494673, 2663061329, 2635429972, 2307520724, 2793298517, 2148076503, 2913906394, 2940682588, 2921288544, 2656046049, 2104136804, 2479162221, 2289637486, 2940708845, 2542471538, 2945907445, 2123900790, 1994637948, 2119689471}

18. {86735488, 2152097669, 1973175564, 1960223503, 2138380560, 2182147601, 2801377680, 2236752787, 1216427927, 2100950939, 1988380700, 2013063707, 2058839294, 2569193760, 1831418529, 2009470241, 2759616675, 2434797223, 2503782185, 2469216556, 1870396333, 2609873710, 2306654510, 2151804848, 2740985780, 2351112761, 2974740802, 2158092101, 2621115333, 2503948618, 1982909132, 2102562383, 2068845266, 298026836, 2516130005, 2162525018, 2111311450, 2303681378, 1976315876, 32547045, 2051192294, 2491962855, 2648333929, 2310202602, 2110343151, 1963649649, 2934265213, 2802879870, 2129404799}

19. {2630598020, 2065581447, 2274382861, 2187358098, 2006899475, 2479401495, 1545532702, 2940032417, 2939752099, 2737237284, 2491593252, 2688319911, 2235801643, 1627015213, 2896833072, 5273470, 2469909555, 356182455, 2114334649, 2070795449, 2670361917, 2086225855, 2142518979, 2236192971, 2048342219, 2107452622, 2093895374, 319246674, 2007120082, 2147974866, 700701283, 2970711141, 699740264, 2294082537, 2195097333, 2807207934}

20. {2978693378, 294903043, 2306056197, 2516592133, 2895863185, 2112944148, 2102137111, 2752904989, 2139815839, 2180303268, 2284620333, 2978312238, 2303094063, 2046376243, 2667350581, 2124438966, 259249205, 2697544378, 2149631809, 2128540225, 2143765190, 2778102731, 2136959692, 2246234318, 2159371856, 2113779796, 2420712277, 2234370517, 2669561179, 2659704930, 2160150884, 2611978724, 2099668966, 2670034793, 2278444009, 2421992045, 2112183790, 2121082737, 2435180401, 2127547127, 2919069945, 2505350522, 2224485244, 2021557885}

21. {2530972163, 2194702591, 2953368070, 2171932422, 2163470342, 2916255243, 2646329355, 2658314510, 2493535503, 1999536656, 2959698198, 2766192925, 2191573790, 2118003487, 2435795745, 2131084071, 2106866729, 2163830057, 2299437103, 2153170226, 2150813751, 2119564347, 2617328699, 2659730751, 2181331778, 2111317318, 2664185679, 2275853904, 2974289232, 2618462548, 2054682710, 2110542169, 2648045154, 2419996774, 2608506984, 2788252523, 2639260782, 2776399727, 2184381038, 2689882230, 2312077945, 2306900094, 2136632959, 2428571269, 2223163528, 2633795720, 2488838541, 2806021778, 2775994258, 2762446754, 2958999215, 2639933372, 2307711420, 2788907974, 2289308872, 2957313488, 2525533649, 2663206871, 2131585752, 2128616155, 2098147036, 2308378844, 2515562216, 2990873832, 2079150322, 2717155834, 2141729011, 2593217274, 2980864762, 2907377662, 2107803903}

22. {2981793408, 1991743105, 2893262849, 2747035527, 2697264264, 2982193929, 1982686475, 2750890124, 2603303308, 2104737429, 2162842903, 2806249368, 2105519897, 2131026200, 2894303003, 2051900316, 2981678493, 2422369819, 2137831073, 2223444130, 2748551714, 2692440355, 2717320610, 2296433447, 2161154216, 2673527464, 2440669359, 2797276463, 2890276146, 2243627445, 2562508798, 2663756727, 2396992184, 2778258744, 2494165818, 2892384449, 2685482818, 36542275, 2970353990, 2118078281, 2752255821, 2583773520, 2583553233, 2969965777, 2690363857, 2227416660, 2102338519, 2650938711, 2141933658, 1162469211, 2223533022, 2140326241, 2160774113, 2127179134, 2096236645, 2296103144, 2190450412, 2892664428, 2149397105, 2622954871, 2746529528, 2796571259, 2696202366}

23. {2669062722, 2094422214, 2884419719, 2176211339, 2111851983, 2072577296, 38349329, 2973600085, 2144988246, 2792011807, 2154798116, 294455658, 2612019691, 2129457005, 2127992686, 2893454193, 2106770748}

24. {1242681600, 2753585602, 1074317828, 1866971657, 2200356811, 1997316624, 2291982736, 2752721874, 2089389847, 1989062233, 1277157658, 1224594970, 2081690908, 2689840733, 2969322528, 2974387873, 2182042274, 2036027489, 2155324070, 2108281707, 2062477293, 2157530801, 2940205873, 2614198451, 2045336371, 2090135549}

25. {2130419392, 2609004928, 2090845954, 2163432323, 2424839621, 2002991493, 2488846090, 2113724362, 2093693836, 2768877836, 2291007117, 2896925261, 2917341782, 2131891224, 2603796443, 2769622812, 2677411677, 2974491168, 2206421606, 2438516713, 2303706220, 2159840174, 2097766447, 2786222638, 2138034163, 1991881270, 2137621302, 2108695420}

26. {2968703994, 2906684740, 2031793861, 2753558535, 2308415883, 2752903244, 2750670413, 2658491662, 2032555279, 2007304721, 2940877783, 2150527511, 2940602970, 2038601627, 1961022492, 1990863773, 2171544993, 2298299938, 2105107880, 2436591210, 2170165422, 2225198574, 2311156855, 2104995575, 1482611513, 2752068602, 2748871678, 2299033983}

27. {1995330977, 1763392290, 2464999046, 716622119, 2125090889, 2030807056, 2531826390, 2329097980, 2527167101}

28. {2893607809, 2566606722, 2765319363, 2792601924, 2419894020, 2145548103, 2154688392, 2015843272, 2466710729, 2786627151, 2610641871, 2292540048, 2977133077, 2108928151, 2120117529, 2108934043, 2885315227, 2148573281, 2266751337, 2587431914, 2673828586, 9812142, 2097690609, 2225947635, 2641101239, 2530571260}

29. {2128184600, 2974646121, 325064459, 2284195277, 2108049364, 141154712, 2973815257, 2809979322, 2154530845, 2165534910, 2110559679}

30. {2626832520, 2683512592, 2107070739, 2786726163, 2689434645, 2516427284, 2104129307, 2226640935, 2310734762, 2889206187, 2768484779, 2583306157, 2149514797, 2751991343, 2783419828, 2425744831, 2664235841, 2423075020, 2110317904, 2306075217, 2697510482, 2769957328, 2492057428, 2427048662, 2116471127, 2107364696, 2889139805, 2588225402, 2150264287, 2786794848, 2420013409, 2302730855, 2686763243, 2142026608, 2122193271, 2625326714, 2660401916}

31. {2133542786, 2132438148, 2770665993, 2667755403, 2961594256, 1971310225, 2657980944, 2295286801, 2143858581, 2079160086, 2112439973, 2703803048, 2668667049, 2620518057, 2100755756, 2626056238, 2136434754, 2132649285, 2158770758, 2979904462, 2168598862, 2104418643, 2979897941, 2192020951, 2421153114, 2261180507, 1949616356, 413788007, 2166614894, 2147808238, 2568389241, 2669647861, 2166006133, 2148452089, 2095609082}

32. {1275797745, 2681197077, 2006600044, 2052320492, 2141883181}

33. {2165386180, 2624972305, 2916586769, 2114795990, 2809940382, 2157604921, 2635185824, 2675983776, 2540498725, 2121813290, 2143611120, 2136971955, 2574786164, 2592708406, 2170386873, 2434498684}

34. {2556995520, 2780341830, 2163744169, 682452844, 2094963630, 325346290, 1841792147, 2726391797, 2617415478, 280701752, 197223292}

35. {2567269472, 2134649220, 1973297286, 2149339036, 2167730221, 2122668238, 2511260496, 2222627537, 1956387186, 2133791891, 2702991030, 2118029367, 2111004954, 707607996}

36. {2623169184, 2588242145, 2303878307, 2692611460, 2279001444, 2664725190, 2426174957, 2774316334, 2627412079, 2485676879, 2722706797, 2142547891, 2144971638, 2305325273, 2673925340}

37. {26172899, 2110150181, 2218362054, 2096559244, 2164800493, 1998328463, 2625171985, 2073398933}

38. {1914926697, 640907747, 1937312645}

39. {2132417921, 2608693863, 2310191432, 2610591563, 2890648396, 2286237009, 2113462484, 2891556340, 2676708825}

40. {2120394816, 2305253506, 2117499587, 2115754563, 2133675653, 2114908038, 2656612738, 2114716943, 2116981583, 2304120530, 2714197075, 2796378770, 2651228025, 2110547101, 2675577123, 1998852580, 2226151461, 2161149221, 2637396645, 2444582312, 2694897578, 2739923759, 2013994038, 2635702585}

41. {2792720064, 2802963078, 2154296839, 2897272202, 2801824526, 2004228948, 2897925717, 2623605143, 2780625688, 2131598680, 2158585179, 2939700766, 2145283039, 2897622561, 2637457061, 2156148776, 2420583661, 2779237367, 2799555772}

42. {2172120578, 2129866091, 2157095084, 2132118157, 2053238798, 2082805072, 2337824086, 1965266424, 270055802, 2117336285}

43. {2020729221, 2080649286, 2158227529, 2151398381, 2487847411, 2074170867, 2169112117, 2112147641, 2105505918, 2123402623}

44. {714796449, 2069082465, 1983354756, 2161839781, 2508149070, 2000097743}

45. {2705896453, 2070910730, 2148286161, 2767885588, 2746379540, 2102383831, 2103353751, 2636486041, 2110632087, 2101380955, 2240045087, 2301744481, 2112493156, 2304296946, 2069659252, 2037749237, 264202680, 1273541113, 2119311098, 2239097853, 2125365310}

46. {2222824643, 2126265987, 2127441797, 2147457014, 2712890102}

47. {216075398, 200915819, 2148166381, 113165838, 2079098163, 2192965622, 127393751, 2050734970, 254993851}

48. {2714066404, 2342617357, 2661839378, 2162124564, 2696180600, 2632674006, 2650699256, 2011792538, 2119616764, 2636184606}

49. {2145800998, 2911911590, 2754567816, 2531387529, 2720093134, 2793891153, 2755480241, 2659308723, 2176667029, 2756172565, 2138625242, 2237729119}

50. {2135070842, 2617165044, 238978933, 2303232582}

51. {2606047813, 2059048477, 2116903878}

52. {2764326275, 2763033097, 2790394633, 2558653614, 2761656399, 2647042543, 2940162033, 2154166576, 2286854676, 2791317526, 2783859002}

53. {2109986305, 2225213003, 167516114, 2137348377, 2809388766, 2800975776, 2765279718, 2919010988, 2265975597, 2990541296, 2170453683, 2137414199, 2893674872, 2201945081, 2678133114, 2734419195, 2172217660}

54. {2883867808, 2766379747, 2099856836, 2893684037, 2902847464, 2903560410, 2886601834, 2902919051, 2552593622, 2131821015, 2902789112, 2772767674}

