1. {2922769536, 102659459, 2608279686, 2153843592, 2146418825, 2275174282, 1012037258, 1443938704, 2261438737, 2209915284, 2311191578, 2124068762, 2084635933, 1492460957, 2151258658, 2027806757, 1251069865, 2077013292, 1899241907, 2005967157, 2136543802, 2714055485, 2041782220, 2023528013, 1997866575, 78481487, 2168876538, 60412772, 2974248810, 2584554869, 2182998134, 2151224058, 2146904445}

2. {2947944579, 2119406083, 2268770951, 110248967, 2115569417, 2314522249, 2411345163, 2945339168, 2164963214, 2303091855, 711491214, 2124825873, 1985644814, 2150393614, 2309753748, 1505659925, 1996694547, 2948051983, 2798283160, 2644468377, 2095597210, 2158987803, 1966358937, 2310047261, 2636023837, 2101451679, 225598367, 2982321697, 2146461601, 2310472353, 338307364, 2067580452, 1882226335, 2638209447, 2021218464, 2201828777, 2168298283, 2024405932, 2141509037, 2117512622, 1246156588, 2432250672, 1948338481, 2090046896, 2191762995, 2076715828, 2097855667, 2064825006, 2613968562, 2583445937, 240551738, 2122726074, 2191181116, 2150191547, 2083719104, 2182528064, 2150282183, 2148679243, 1674748237, 2305796302, 2130938194, 2109241050, 2778015322, 2094020829, 1256664030, 2944772701, 2000276447, 2901634656, 212318434, 2101918435, 2108295011, 2886608485, 2118858088, 1740375789, 2709506286, 713914351, 2277234034, 2111310834, 1998267252, 1683929717, 1954383733, 2744818551, 2916494712}

3. {2152858243, 2785766916, 2143675271, 1244974601, 2154317579, 2109410961, 214878226, 2241151633, 2564370450, 2751928852, 2168024214, 2420693655, 2116128023, 2135458458, 2778545306, 2225372315, 2652146461, 1259251873, 2884182306, 2161348131, 2024911655, 2267075368, 2048719660, 2152671532, 2054844082, 2792248371, 2629861817, 2113952954, 2158893243, 1977634491, 2766205113, 2315179577, 2662218687, 1968948545, 2528984385, 346703939, 1678769217, 1725132105, 2168860362, 2617022538, 1999507273, 2898923852, 2915346128, 2556489938, 2974079445, 2137345622, 2153687383, 2046393814, 2312949851, 2751003100, 2143417181, 2618995423, 2144048996, 2101444581, 2116009706, 1995790827, 2420887148, 2118316780, 2775235949, 2160000370, 260113394, 2721685366, 2974254207}

4. {2097558208, 2153496801, 2057037001, 2106476298, 2494791600, 2044774160, 393897811}

5. {2157004865, 2633615845, 2305161885, 2131496007, 2604888774, 2099888142, 2090936787, 2102912534, 2155868506, 2250254044, 2060109373}

6. {2012641024, 2160564353, 2512057741, 2097724689, 2098116627, 2598964116, 1918427156, 1988328990, 2077166881, 2155791777, 2251047074, 2469111333, 1620943014, 2103829928, 1908789546, 2301164714, 1989800237, 1999210365, 2112605232, 2681667249, 2223247411, 2772407477, 2058251574, 2096862781, 2169669566, 2266639099, 2153105600, 414350144, 2124853440, 2109098434, 1967537216, 2797279167, 66820806, 2108885708, 2008485966, 2129435983, 1266997330, 114916818, 2320687058, 2100098901, 2578849750, 2129292631, 1982327768, 2120655840, 2105682791, 2226005607, 28193131, 1980421613, 2114004335, 1879637872, 2106994032, 2139111540, 2974091509, 335414518, 2131517558, 1996732661, 56443641, 2706299130, 67480443, 2767749876, 2167617533}

7. {2129056645, 2969923077, 2982544519, 2781456904, 2799190665, 2984994055, 2152596491, 2636682381, 2950405390, 1885380884, 2765106710, 2805111322, 2129879323, 2767478940, 2644323612, 2781259942, 2945081382, 2441435174, 2084883241, 2989712299, 1996431663, 2621597999, 2624154035, 2152577076, 2162969788, 2614428991, 2889852865, 2991517762, 2911213635, 2462279364, 2691236168, 2980845385, 2921668299, 2980646991, 2622366800, 2274483280, 2226894673, 2100295637, 2344412246, 2111134424, 2414779228, 2597902046, 2963621088, 2128048611, 2679166308, 2984659684, 2782275303, 2980869482, 2005728876, 2912108525, 2987003377, 2061101942, 2485990391, 2987992438, 2777710079}

8. {175255044, 432174343, 2153960200, 2589563659, 2102574220, 2590934160, 691928724, 2518087196, 1717278371, 2157522220, 2203793967, 2460161456, 2071747889, 2228118575, 1944224191, 2106183752, 2763165514, 2632381132, 2207800025, 2022325346, 2165524834, 1995606883, 2116410742, 2298967927, 2100588671}

9. {1915632865, 86010270, 2250506443, 190355819, 2429249806, 2554561877, 303170550, 1975775799, 2549490136, 2186384567, 2569801243, 2511692926}

10. {2163928714, 2171310226, 2163560991, 2284197286, 2129110191, 2135591858, 2112034102, 2197065657, 2991193019, 2578085563, 2674707781, 2716001232, 2662743634, 2482227283, 2279245401, 2282946403, 2915371629, 2427384688, 2608341104, 2122588659, 2612774394, 2135883006, 2617633279}

11. {2165390784, 2060039618, 1287450821, 2107897798, 2095834727, 2404761383, 113008519, 2304763422, 1510370974, 2279736615, 2100116847, 242742739, 1484846328, 2095937625, 1246506075, 290274558}

12. {2169507332, 2144446980, 2264840197, 2146387448, 68675087, 2140989471, 2509220393, 2273707053, 2105864238, 2510025783, 2309141562, 2158996540, 2150454853, 2168129606, 29156430, 2228228686, 285722199, 2023969377, 2083121761, 2500366947, 2948639857, 2226889331, 1213397108, 112182388, 580814456, 1970964601, 2757437565, 2152748675, 332449412, 2217686667, 2085880977, 1980954773, 2679566486, 46470299, 1992851618, 2127138980, 2288574632, 2144112298, 81068725, 2120199875, 2161922758, 2788039881, 2075486410, 76530380, 2028140240, 1984130259, 2169544406, 2037742808, 1973756125, 2785665251, 2130296053, 2226898200, 2230436637, 2058211624, 222680366, 2576568117, 2193519928, 2155697977, 1911282488, 2792399679, 278134592, 1971726845, 2137021762, 2572083017, 2480733002, 2621583694, 2038168928, 2158748514, 2893478262, 1236609927, 2195679122, 1954235802, 2258767774, 1969841055, 2129265593, 2372578746, 1991817147, 1989832124, 2711419841, 2319292354, 2078454212, 2760752072, 2230476236, 2357163472, 2021011417, 2064393185, 2614831073, 2537523171, 2974200298, 2718390253, 2782238196, 1224875509, 2489391096, 2399628797, 2165532159}

13. {2323410178, 2143514246, 2307493384, 1187850377, 2230335881, 2580806414, 1168736529, 2105763867, 2097884319, 2111078689, 2945468193, 2171527329, 2474642340, 2302816805, 2253496617, 2286841641, 220287659, 1076483373, 2099427892, 2171539510, 2287603129, 2115586749, 2507488702, 2072045247, 2152241216, 2158719935, 2140593224, 1987524171, 2132896331, 2121694290, 2121054036, 2108303192, 2108908250, 2536897499, 2137979226, 2082382046, 2461491937, 2109387874, 2195225068, 2155740526, 2170454382, 2156530421, 2234128381}

14. {1448055808, 2947717632, 2138309126, 2261313287, 2279061130, 2050305038, 2029725838, 1996466583, 2490202788, 2124480168, 2192114473, 2171658156, 230207152, 1968311219, 2973463478, 2779164984, 2222511166, 903357120, 2146008257, 340012993, 1789326020, 2100707141, 1992979146, 2009643342, 2112719703, 2557835608, 2124142177, 2171660386, 2707843683, 2806361837, 2689363054, 2120526064, 2150554866, 2149034239}

15. {2576847494, 2739782798, 2868635032, 2058895776, 2321956385, 2034085542, 2595695404, 2207926141, 2156373944, 2138877898, 2403970763, 2322817360, 2530960729, 2105350755, 2162010601, 1818914027, 1974375279, 2582898035, 2594060279, 2115938681, 2138286461, 2153773055}

16. {2595303683, 2922897795, 2286954118, 2283364744, 2300598665, 2788511754, 2138469899, 2120727437, 2141870096, 2098767124, 2146064283, 2669937692, 2166472222, 2665071391, 2150008351, 2125087777, 2071998504, 2303825066, 2653310635, 2295486129, 2121069363, 2136475958, 2416496314, 2172450109, 2156726337, 2326700097, 2152823110, 2606576715, 2129419597, 2102340174, 2099541584, 2143408729, 2304786526, 2502580703, 2102216805, 2150154469, 2007797616, 2805883763, 2432556661, 2116811638, 2116717946}

17. {2792647936, 2133777537, 2941906049, 2257893379, 2885106564, 2942333189, 2099983110, 2922304776, 2886743564, 2885476237, 2136098704, 2941502995, 2101255316, 2758274969, 2704401562, 2791776281, 2949337372, 2115485213, 2887018526, 2940974881, 2655204770, 2047018924, 2167348271, 2251186863, 2156974514, 2031044659, 2110029363, 2180561075, 2886506806, 2766489907, 2951830967, 2957948338, 2492838068, 2919099579, 2109655100, 2564845501, 2956480190, 2940832703, 2886178747, 2127240129, 2954961981, 2122098371, 2564848323, 1964939973, 2921421768, 2131266506, 2973674319, 2942466256, 2663061329, 2953524689, 2642494673, 2307520724, 2635429972, 2793298517, 2148076503, 2913906394, 2940682588, 2142034015, 2921288544, 2656046049, 2104136804, 2479162221, 2289637486, 2940708845, 2542471538, 2945907445, 2123900790, 2165102328, 1994637948, 2119689471}

18. {86735488, 2152097669, 1989853321, 1973175564, 1960223503, 2138380560, 2182147601, 2801377680, 2236752787, 2030288916, 1216427927, 2013063707, 1988380700, 2100950939, 2139472287, 2569193760, 1831418529, 2009470241, 2105819553, 2759616675, 2434797223, 2503782185, 2469216556, 1870396333, 2609873710, 2306654510, 2151804848, 2740985780, 2351112761, 2012815677, 2974058943, 2974740802, 2158092101, 2621115333, 2503948618, 1982909132, 1933829836, 2102562383, 2068845266, 298026836, 2516130005, 2111311450, 2162525018, 679379806, 2303681378, 2802879870, 1976315876, 32547045, 2051192294, 2491962855, 2648333929, 2310202602, 2110343151, 1972332912, 1963649649, 2140730868, 2934265213, 2058839294, 2129404799}

19. {2630598020, 2065581447, 2478002057, 2919077388, 2274382861, 2240825229, 2187358098, 2006899475, 2479401495, 2535023388, 2566144541, 1545532702, 2139987358, 2940032417, 2104644771, 2491593252, 2737237284, 2156815140, 2688319911, 51125670, 2939752099, 2235801643, 1627015213, 2896833072, 2469909555, 2807207934, 1987930295, 356182455, 2070795449, 2114334649, 2562467639, 2670361917, 2552275262, 2086225855, 2791152191, 2142518979, 2098401731, 2428694344, 2236192971, 2048342219, 2107452622, 2093895374, 1991389521, 319246674, 2147974866, 2007120082, 1972696923, 2038752609, 700701283, 2970711141, 2057452903, 699740264, 2294082537, 1623800171, 2011487217, 2195097333, 2984260471, 2025175416, 5273470, 2323473535}

20. {2463741953, 2978693378, 294903043, 2306056197, 2516592133, 2863782536, 2678446345, 2895863185, 2112944148, 2136534804, 2974203157, 2102137111, 2752904989, 2139815839, 2646282146, 2180303268, 2919069945, 2284620333, 2978312238, 2303094063, 2046376243, 2667350581, 2124438966, 259249205, 2642325560, 2674462777, 2697544378, 2069454008, 2149631809, 2128540225, 2139354052, 2143765190, 2171384776, 2142314953, 2778102731, 2136959692, 2896842955, 2246234318, 2105148240, 2159371856, 2113779796, 2420712277, 2234370517, 2516356696, 2669561179, 2155262561, 2659704930, 2160150884, 2611978724, 2099668966, 2278444009, 2670034793, 2421992045, 2112183790, 2121082737, 2435180401, 2163366770, 2127547127, 1999399289, 2505350522, 2224485244, 2021557885}

21. {2530972163, 2163470342, 2953368070, 2916255243, 2646329355, 1999536656, 2106866729, 2299437103, 2150813751, 2119564347, 2617328699, 2275853904, 2054682710, 2648045154, 2419996774, 2608506984, 2184381038, 2639260782, 2936217711, 2689882230, 2907377662, 2312077945, 2306900094, 2136632959, 2428571269, 2633795720, 2223163528, 2786860172, 2806021778, 2958999215, 2289308872, 2651163857, 2131585752, 2128616155, 2308378844, 2098147036, 2621082335, 2990873832, 2515562216, 2079150322, 2141729011, 2593217274, 2980864762, 2194702591, 2131974911, 2107803903, 2171932422, 2658314510, 2493535503, 2959698198, 2766192925, 2191573790, 2118003487, 2435795745, 2131084071, 2163830057, 2153170226, 2897493812, 2659730751, 2181331778, 2111317318, 2486321479, 2664185679, 2974289232, 2618462548, 2110542169, 2521906021, 2788252523, 2776399727, 2256830846, 2568784767, 2644755847, 2488838541, 2775994258, 2719544221, 2785462173, 2762446754, 2307711420, 2639933372, 2788907974, 2957313488, 2525533649, 2663206871, 2717155834, 2432833534}

22. {2981793408, 1991743105, 2893262849, 2747035527, 2697264264, 2982193929, 1982686475, 2603303308, 2153085453, 2750890124, 2616561934, 2888734739, 2991167252, 2104737429, 2162842903, 2806249368, 2105519897, 2155417880, 2131026200, 2051900316, 2422369819, 2599773848, 2894303003, 2981678493, 2137831073, 2223444130, 2692440355, 2717320610, 2748551714, 2296433447, 2673527464, 2161154216, 2440669359, 2797276463, 2890276146, 2243627445, 2663756727, 2396992184, 2778258744, 2494165818, 2696202366, 2887766847, 2420444097, 2685482818, 36542275, 2892384449, 2888169797, 2970353990, 2921784257, 2118078281, 2752255821, 2583773520, 2583553233, 2690363857, 2144833106, 2227416660, 2238177234, 2969965777, 2102338519, 2650938711, 2307995737, 2141933658, 1162469211, 2983821012, 2223533022, 2160774113, 2140326241, 2127179134, 2096236645, 2296103144, 2190450412, 2892664428, 2149397105, 2622954871, 2746529528, 2796571259, 2562508798}

23. {2884419719, 2176211339, 2072577296, 38349329, 2145994008, 2974225947, 2792011807, 2986420899, 2154798116, 874345256, 2011596724, 2106770748, 2973424832, 1859920704, 2669062722, 2094422214, 2111851983, 2973600085, 2144988246, 294455658, 2612019691, 2129457005, 2127992686, 2893454193, 2306507773}

24. {1242681600, 1074317828, 1866971657, 2291982736, 1997316624, 2089389847, 1224594970, 1277157658, 2081690908, 2117596446, 2969322528, 2974387873, 2182042274, 2155324070, 2157530801, 2940205873, 2614198451, 2045336371, 2753585602, 2200356811, 2752721874, 1989062233, 2689840733, 2036027489, 2108281707, 2062477293, 2974099187, 2090135549}

25. {2609004928, 2914900864, 2090845954, 2163432323, 2230955268, 2002991493, 2488846090, 2093693836, 2291007117, 2768877836, 2928910476, 2106621716, 2653258903, 2131891224, 2616984730, 2273793436, 2769622812, 2486225822, 154265374, 2974491168, 2806516902, 2159840174, 2097766447, 2786222638, 2671866418, 2703567027, 2779315381, 1991881270, 2137621302, 2504393278, 2130419392, 2694901186, 2424839621, 2113724362, 2896925261, 2912501071, 2917341782, 2913687130, 2603796443, 2677411677, 2512295138, 2206421606, 2438516713, 2970934634, 2303706220, 2138034163, 2477261816, 2108695420, 2619218813}

26. {2753558535, 2573176074, 2308415883, 2658491662, 2032555279, 2133602961, 2007304721, 2327168150, 2150527511, 2775989273, 2391042075, 1961022492, 1990863773, 2038601627, 2171544993, 2298299938, 2105107880, 2936216365, 2170165422, 1981034670, 2945687095, 1482611513, 2752068602, 2906684740, 2031793861, 2100629573, 2104995575, 2752903244, 2750670413, 2940877783, 2904443096, 2940602970, 2601526120, 2436591210, 2225198574, 2467582702, 2311156855, 2170486521, 2968703994, 2937346172, 2748871678, 2299033983}

27. {2974371744, 1995330977, 1763392290, 1998331009, 2169082308, 2102642693, 2464999046, 716622119, 2116423816, 2125090889, 2529512750, 2030807056, 2531826390, 1673229304, 1797778585, 2303264154, 2329097980, 2527167101}

28. {2893607809, 2566606722, 2419894020, 2154688392, 2292540048, 2977133077, 2108928151, 2120117529, 2885315227, 2108934043, 9812142, 2641101239, 2765319363, 2792601924, 2145548103, 2015843272, 2466710729, 2786627151, 2610641871, 2884339801, 2067500510, 2148573281, 2266751337, 2587431914, 2673828586, 2883901546, 2097690609, 2225947635, 2530571260}

29. {2128184600, 2974646121, 325064459, 2284195277, 2108049364, 141154712, 2973815257, 2809979322, 2154530845, 2165534910, 2110559679}

30. {2087543040, 2661400710, 2171888518, 2626832520, 2142894599, 2683512592, 2107070739, 2516427284, 2689434645, 2786726163, 2104129307, 2664175646, 2153313313, 2226640935, 2310734762, 2768484779, 2889206187, 2149514797, 2102192046, 2583306157, 2751991343, 2783419828, 2425744831, 2664235841, 2423075020, 2134093772, 2238833359, 2110317904, 2769957328, 2697510482, 2306075217, 2492057428, 2427048662, 2116471127, 2107364696, 2162494427, 2227394013, 2588225402, 2150264287, 2786794848, 2420013409, 2786009697, 2889139805, 2302730855, 2686763243, 2137291500, 2142026608, 2122193271, 2625326714, 2660401916}

31. {2133542786, 2132438148, 2770665993, 2667755403, 81544844, 2793550092, 2657980944, 2295286801, 1971310225, 2961594256, 2143858581, 2079160086, 2124449175, 2704958237, 2112439973, 2703803048, 2668667049, 2620518057, 2100755756, 2626056238, 2136434754, 2132649285, 2309175494, 2158770758, 2168598862, 2979904462, 2239159250, 2104418643, 2790033364, 2979897941, 2192020951, 2421153114, 2261180507, 2128754141, 1949616356, 413788007, 2147808238, 2166614894, 2786759023, 2568389241, 2645908468, 2166006133, 2673003253, 2669647861, 2148452089, 2095609082}

32. {2006600044, 2052320492, 2141883181, 1275797745, 2681197077, 2464038102}

33. {2931530503, 2624972305, 2691251345, 2916586769, 2974250013, 2146603806, 2809940382, 2635185824, 2675983776, 2540498725, 2101848743, 2121813290, 2963951407, 2136971955, 2592708406, 2580785532, 2170386873, 2157604921, 2142656699, 2751484607, 2897852352, 2165386180, 2342850124, 2114795990, 2749870320, 2143611120, 2574786164, 2434498684}

34. {234569568, 2556995520, 2780341830, 2787324839, 2438814022, 2163744169, 682452844, 2094963630, 325346290, 1841792147, 2293646133, 2726391797, 2617415478, 280701752, 2145859900, 197223292}

35. {2134649220, 1973297286, 2556027406, 193618192, 2133791891, 2111004954, 2149339036, 2618338718, 2006810527, 2125092129, 2104162850, 2260173227, 2167730221, 2702991030, 2118029367, 2289128761, 707607996, 2169249859, 2102010955, 2106222798, 2122668238, 2511260496, 2222627537, 2126520664, 1980637273, 1979730653, 2224595551, 2148175328, 2567269472, 2789286499, 2169941861, 1956387186, 2123954037, 2161079289, 2559301882, 2363116027}

36. {2623169184, 2588242145, 2303878307, 2923050051, 2692611460, 2664725190, 2279001444, 2166293063, 2099546537, 2722706797, 2426174957, 2627412079, 2303120048, 2774316334, 2485676879, 2142547891, 2144971638, 2305325273, 2673925340, 2947894461}

37. {2114360928, 2167441217, 26172899, 2110150181, 1944265478, 2218362054, 260882311, 2573620969, 2096559244, 2164800493, 2161996623, 1998328463, 2625171985, 2073398933, 2123307737, 72902654, 2557978175}

38. {2096646689, 1976110271, 2026737763, 640907747, 1937312645, 1977330787, 2135711272, 1914926697, 270967595, 2123562828, 2168878575, 2920079408, 2092632499, 2508732373, 163176088, 1970342683, 2136716127}

39. {2132417921, 2125049505, 2890648396, 2608693863, 2310191432, 2610591563, 2753930412, 2251653035, 2714251470, 2151234127, 2616930637, 2286237009, 2311260017, 2612490673, 2113462484, 2674924437, 2891556340, 2151813463, 2676708825, 2104581434}

40. {2119391874, 2656612738, 2305253506, 2133675653, 2114908038, 2114716943, 2796378770, 2110547101, 2631382431, 2675577123, 2637396645, 2226151461, 2161149221, 2444582312, 2694897578, 2739923759, 2013994038, 2142913207, 2635702585, 2764625983, 2120394816, 2599989055, 2117499587, 2115754563, 2121154886, 2116981583, 2557340752, 2304120530, 2714197075, 1998852580, 2304102128, 2687864434, 2651228025}

41. {2802963078, 2154296839, 2897272202, 2801824526, 2623605143, 2780625688, 2939700766, 2897622561, 2637457061, 2156148776, 2702065195, 2799555772, 2792720064, 2004228948, 2897925717, 2131598680, 2158585179, 2145283039, 2169104102, 2420583661, 2580815600, 2779237367}

42. {2172120578, 2114993667, 2132118157, 2053238798, 2154694055, 2275504684, 2157095084, 2146145073, 2127226427, 2170702281, 2082805072, 2337824086, 2936499803, 2117336285, 2308870749, 239585504, 2129866091, 1994042735, 1546338799, 1965266424, 270055802, 1803353727}

43. {2162955586, 2020729221, 2080649286, 1977227655, 2145810119, 2158227529, 2319678950, 2151398381, 2980941465, 2487847411, 2074170867, 2169112117, 2980899827, 2112147641, 2105505918, 2123402623}

44. {2069082465, 714796449, 2072077794, 1983354756, 2161839781, 2571992610, 2508149070, 2000097743, 2122818350, 2195818302, 2260995294}

45. {2705896453, 2070910730, 2159286412, 2746379540, 2767885588, 2103353751, 2110632087, 2636486041, 2240045087, 264202680, 2125365310, 2148286161, 2102383831, 2101380955, 2883494880, 2301744481, 2611527651, 2112493156, 2964905450, 2304296946, 2069659252, 2037749237, 2234814582, 1273541113, 2119311098, 2137766011, 2239097853}

46. {2084683202, 2222824643, 2126265987, 2127441797, 2712890102, 2620452311, 2147457014}

47. {2632670945, 2550077121, 216075398, 2092308615, 200915819, 2148166381, 113165838, 2481588367, 2228403215, 2079098163, 2189485621, 2192965622, 127393751, 2050734970, 254993851, 2973729724}

48. {2654482240, 2714066404, 2126970652, 2426481319, 2650699256, 2571940285, 2342617357, 2302961247, 2791527534, 2104541935, 2661839378, 2432240979, 2162124564, 2632674006, 2696180600, 2011792538, 2119616764, 2669246527, 2636184606, 2698754719}

49. {2974363424, 2911911590, 2145800998, 2754567816, 2531387529, 2974453450, 2720093134, 2973846190, 2755480241, 2793891153, 2659308723, 2176667029, 2756172565, 2588816984, 2096594425, 2138625242, 2237729119}

50. {2942514080, 2719283556, 2303232582, 2124809355, 2943280048, 2942729939, 2617165044, 238978933, 2135070842}

51. {2059048477, 2606047813, 2116903878}

52. {2764326275, 2763033097, 2790394633, 2558653614, 2761656399, 2647042543, 2940162033, 2154166576, 2286854676, 2791317526, 2783859002}

53. {2156913408, 2109986305, 2137348377, 2770415643, 2800975776, 2171840674, 2919010988, 2265975597, 2170453683, 2137414199, 2787466296, 2172217660, 2225213003, 167516114, 2809388766, 2765279718, 2303468526, 2990541296, 2893674872, 2201945081, 2678133114, 2734419195}

54. {2883867808, 2766379747, 2099856836, 2893684037, 2902847464, 2903560410, 2886601834, 2902919051, 2552593622, 2131821015, 2902789112, 2772767674}

