1. {2674458376, 2106818440, 175141898, 2147876494, 339332626, 2309386134, 2043417111, 2151057430, 1968204183, 719794842, 1914497179, 2790810268, 137861795, 2894266020, 2195084585, 2816999081, 2119217964, 2038063024, 2159100337, 704649009, 2229809973, 1172064443, 2171482560, 119623873, 2710016583, 2148405067, 2111935061, 2223023960, 2557921113, 2277396061, 2121124579, 331060580, 1238215909, 2058022777, 2098116090}

2. {1448055808, 2170103298, 1244974601, 2630304268, 2193053713, 146308115, 2163560991, 2792011807, 2195708961, 2632584746, 2194427956, 2756963900, 2169568322, 1978583619, 2303232582, 2303882823, 734069839, 2707229263, 253975636, 2239656534, 1969800795, 1936809569, 2171660386, 1983094374, 2491818602, 2552507501, 2965804660, 2097415797, 2135070842, 112975487, 2096442518, 2661475481, 2028213923, 2672946342, 2423348908, 231592637, 2268785856, 2146008257, 2138570949, 2094422214, 2946859731, 2006188770, 2228652771, 2107487971, 2231209203, 2617165044, 2133802748, 2186422030, 2119240469, 2015763226, 2024911655, 2095576360, 2020442925, 2289615164, 2426658625, 2100707141, 2179385166, 2693475689, 2138592106, 2428050800, 238978933, 2204286336, 1902713744, 2193149847, 2140064154, 1993245599, 70546344, 1980524971, 2441931185, 2132693426, 2102369716, 2121793466, 2169186252, 2111851983, 2280594385, 2441689044, 2161448407, 2147996637, 2123850206, 217362401, 2194470369, 2080548833, 2554891246, 2122588659, 2066623988, 2617633279}

3. {2171136640, 2099339522, 2120337685, 2118052119, 2100548890, 2156563753, 2305513008, 2646101810, 2525484854, 2162986806, 2318285252, 2791575240, 2103741901, 2114877139, 2142568919, 2791285215, 2664766687, 2648821735, 2147618283, 2120988012, 2190668525, 2791090807}

4. {2974248810, 2122230155, 2023528013, 2182998134, 2168876538}

5. {2251540226, 2119334787, 2227466756, 2320612870, 2420547463, 2279061130, 2032933520, 1996694547, 1999509908, 2689767189, 1505659925, 16408599, 2051316506, 2141212704, 2982321697, 2939656613, 2132788263, 2275614120, 2684048682, 2141509037, 2238785460, 2076715828, 2056537533, 274087620, 2761243589, 2016486853, 2150282183, 2973373896, 2973596745, 2715602247, 2974159819, 2104006852, 1987386571, 2305796302, 2232699344, 2408045393, 2130938194, 2133371225, 2109241050, 2715849054, 2895057118, 1898714719, 1595715809, 2707843683, 2077558884, 2659983207, 2146928103, 1681877870, 713914351, 2973715057, 2750103281, 2339254259, 2974016625, 1683929717, 2608223991}

6. {2740199937, 2974915138, 1983097444, 2236192971, 1969391771, 1979418541, 2274382861, 2093246352, 2809698391, 2117676153, 2100438523, 2038364924}

7. {167591946, 214878226, 2681197077, 2136974360, 2173928475, 2321956385, 2226151461, 2667005489, 2569261620, 2169743412, 2234707009, 2041897025, 2142403652, 43910213, 1965542480, 2714197075, 2105350755, 2707899495, 2420887148, 2627412079, 2295937647, 2670641800, 2676876937, 2117300371, 2134485652, 2420693655, 1882226335, 2225261730, 2810614436, 2189915303, 2776632999, 2128818861, 2790252214, 2113952954, 2153319618, 220288197, 2664725190, 2649771719, 2168860362, 2896810699, 2305325273, 2673925340, 2309433054, 2897524959, 2118024416, 2588242145, 26130675, 2330973441, 2006254856, 1097796876, 2580806414, 2065330963, 2523619092, 2069033751, 2811078938, 2675577123, 2048719660, 2488267052, 2163124018, 2126421299, 2647953208, 2778387780, 2061051716, 2698415430, 2153687383, 2137979226, 2118858088, 2295334262, 2110242172, 2692611460, 2143675271, 2433016722, 2868635032, 2307330464, 1984383905, 2470785954, 2318633900, 2723913133, 2532883887, 2101619633, 211671991, 1733154251, 1970263507, 2586269146, 2255233502, 2780485601, 2134655974, 2007372778, 2170751978, 2155994100, 2647979518}

8. {2947717632, 2038408711, 2678765575, 2397476871, 2811168779, 2640631820, 2314305553, 2070424596, 2105980956, 2647346206, 2283139614, 2136927775, 2280075301, 2042603047, 2677303338, 2519117868, 2326119469, 2523825199, 2030679600, 2146094130, 2694264381, 2422121534, 2502591552, 2274781765, 2190706759, 2613933130, 2618467920, 2077953110, 2586127453, 270234208, 2841074785, 2299809377, 2634395235, 2918220391, 240739436, 2974759535, 2989464179, 2046121078, 1693733495, 2141707894, 2126772347, 2143279740, 701755517, 2495547516, 2700000385, 2470973058, 2106994306, 99677320, 2526427785, 2304167050, 2773523596, 2160270989, 1971310225, 2272187026, 2662623383, 1254631063, 2170355352, 2641780890, 2067454619, 2497787546, 2692983455, 2304404641, 1850434723, 2061906085, 1966131368, 2103085737, 2653310635, 2215287472, 2171936949, 2791085240, 210752697, 2416496314, 2974220992, 2653827270, 2647258314, 2315868364, 2614279893, 2432089816, 1897010906, 2259207387, 2819366115, 2433045733, 2557168871, 1973812455, 2124188908, 2161194739, 2158252279, 1904812280, 2097364729, 2101551354, 2610394881, 2131169539, 2643287817, 2558042388, 2153009429, 2135854369, 2688488229, 2101878566, 1934790439, 2126171439, 2566442289, 2121478961, 2685828925, 2055161663, 2127723851, 2278496587, 2776481102, 2054938448, 787454801, 2104418643, 2420712277, 2557835608, 2107324249, 2426852186, 2905146717, 2110955872, 2086986082, 2280051044, 2780499813, 2133291880, 2031246699, 92014956, 1805499245, 2006600044, 2347556717, 1578901359, 2634234738, 2327452531, 2637784435, 2097699192, 67480443, 2755116926, 2135967103, 2658108800, 307635073, 2974228870, 2502050185, 2050788234, 2764358027, 2578129816, 2709856667, 2225877916, 2101051293, 2222935971, 2741237158, 2127234990, 2796343729, 2661832626, 2011560373, 2981447093, 2523815351, 2467584441, 2105305022, 256670145, 2128913862, 2119414223, 2673652689, 2126101459, 2632593363, 2973393366, 2192020951, 2138407385, 2741458908, 2131447266, 2422187494, 1239496168, 2147835882, 2097667564, 2185869296, 2112563698, 2060022265}

9. {2969923077, 2982544519, 2781456904, 2799190665, 2984994055, 2747670795, 2152596491, 2636682381, 2634569753, 2805111322, 2767478940, 2644323612, 2781259942, 2945081382, 2441435174, 2324006443, 2989712299, 2621597999, 2152577076, 2632587703, 2162969788, 2889852865, 2765319363, 2906684740, 2911213635, 2462279364, 2980646991, 2226894673, 2100295637, 2344412246, 2940877783, 2111134424, 2940602970, 2251219035, 2414779228, 2597902046, 2679166308, 2984659684, 2782275303, 2980869482, 2777710079, 2987003377, 2061101942, 2987992438, 2299033983}

10. {2554729536, 2136579810, 2128048611, 2974287107, 2974751331, 2311618534, 2080172870, 2635382697, 1661278282, 2005728876, 2164757297, 2624154035, 2422835220, 2282509910, 2633908122, 2120707773, 1983910846, 2132158111}

11. {2984503296, 2650570754, 2101669893, 2169301002, 2111901707, 2291173388, 2646329355, 1990967317, 2140000278, 2266339355, 724127772, 2128246812, 2109253662, 2167681055, 2589261851, 2709764130, 2071998504, 2096588842, 2299437103, 2303442991, 2287964211, 112158771, 237246515, 2112165958, 2317834321, 2027116625, 2283720790, 2585944152, 2067155033, 2103920730, 2136082530, 1877061731, 2645887076, 2247977062, 2608506984, 2721966190, 2674268272, 1917896816, 2756010103, 2306900094, 2160564353, 2943721601, 2156867715, 2587166853, 2608279686, 2884419719, 2626832520, 2693476491, 1983922316, 2024964237, 665745551, 2805368979, 2661038228, 2569902232, 2088986780, 2605668511, 2171527329, 2315948196, 2161154216, 2155897001, 2830074026, 1953943726, 2440669359, 2308288696, 2895009977, 2766205113, 2143729853, 206213313, 1696837840, 1931663571, 2113462484, 2667299029, 2159145177, 2630056157, 2497839334, 2640255206, 2143443181, 303493359, 2079150322, 2974091509, 684261622, 2114599159, 2106161400, 2309075193, 2121828601, 2956073210, 2107803903, 2194702591, 2295898369, 2595303683, 2468122884, 2127745283, 2985511177, 2342617357, 2658314510, 1885380884, 2955596053, 2137348377, 2303766816, 2167124257, 2110433576, 2949765423, 1996431663, 34945329, 2687179058, 2057140533, 2225342773, 2097310009, 2135978302, 2308108615, 2310191432, 2691236168, 2791057738, 2648463691, 2583773520, 407693651, 2333258068, 2618462548, 2201493846, 2245214548, 2110542169, 2575673690, 2130045275, 2624598368, 2140326241, 435038563, 294455658, 2170454382, 2893674872, 2163665273, 2678133114, 2743728507, 2119565692, 2138286461, 2144575875, 1596033415, 2230335881, 42768779, 2244170126, 2199357839, 1548650896, 2639702418, 2194876819, 2777319834, 2058895776, 2156497314, 184504740, 2645367207, 2098348456, 2135570857, 2889206187, 2683507117, 2043130285, 2243627445, 2806311349, 2548480441, 2806018498, 2149396931, 2386215373, 2150922704, 2114795990, 2973782487, 2097021400, 2720035289, 2987157978, 2125926872, 2131821015, 2797726173, 2805805538, 2088143331, 128289252, 2767610341, 2294317543, 1995790827, 2195225068, 2660753901, 2666213870, 2949677551, 2612019691, 2530972163, 2505271812, 2300412422, 2953368070, 1999536656, 38349329, 2977133077, 2522989084, 2131280415, 2974491168, 2302816805, 2099427892, 2200803893, 1991881270, 1975775799, 1869341243, 1973473856, 2630953537, 2132896331, 1963950671, 2096241232, 2306075217, 2806567511, 2150847067, 2036202081, 2280743521, 2308745826, 2105479780, 2132580963, 2206421606, 2608693863, 2171443821, 262103662, 2074620527, 2688643694, 2139310705, 2058433139, 2132902516, 2669419123, 2796571259, 2887463549, 2871956096, 2799243910, 2647829126, 219847304, 2674365068, 2933482125, 2514938511, 2920182416, 2065466000, 1998328463, 2660055700, 1107563158, 2277802650, 2885315227, 2570115745, 2425232035, 1965370025, 2919010988, 2944391854, 2080617136, 2115586749, 2694189759, 224737993, 2097633994, 2122848970, 2289392341, 2131585752, 2320311001, 2230665945, 2128616155, 124580574, 2766379747, 2143099623, 1973220071, 2156438252, 2118316780, 2643503858, 2156530421, 2635289334, 2980864762, 1971770106, 1987717888, 1974649601, 2916856582, 2120440583, 2982193929, 2147779349, 2666447645, 2191573790, 2118003487, 2435795745, 2104576802, 2794853158, 2131084071, 2646893353, 2153792305, 2281147186, 2121069363, 2039513909, 2137621302, 280701752, 2796868410, 313062202, 2494165818, 2776679232, 2664235841, 2181331778, 2153919301, 2721344325, 2890648396, 398641997, 2091041614, 2172097358, 2722069327, 2116981583, 2050362196, 2172003160, 2099587934, 2092184422, 2031051626, 2788252523, 2142026608, 2893454193, 2559800184, 2085067646, 2270395263, 2163432323, 2115337094, 2505307014, 2093693836, 2955254669, 2137283476, 2051900316, 2621610914, 2119615397, 2052254629, 2757102504, 2111132597, 2781658037, 2175482809, 2772767674, 2111857596, 2158719935, 2222242753, 2680845250, 2788907974, 2159766470, 2585191377, 2557080530, 2431689686, 2210425818, 1958519784, 2164800493, 2142768110, 2885309421, 260113394, 2485990391, 2224276472, 2098576377, 2523061242, 2201945081, 2126816252, 2636037117, 2885778426, 2630585353, 2143183883, 2124446740, 2669937692, 1993471006, 2151509023, 2074956836, 2106866729, 2009291817, 2109367341, 2128999471, 2105451568, 2119461939, 1981037620, 2095215669, 2119564347, 2307486782, 2790718527, 2355356741, 2640464967, 2140593224, 2622366800, 2074494037, 2153505878, 2144988246, 2109387874, 2123136102, 2628910185, 2110139497, 2155109488, 2344975480, 2032440444, 2511692926, 2134711422, 2132470913, 2674920578, 66555014, 2923027591, 2697264264, 2517714076, 2754018461, 2097884319, 2695441568, 2277244066, 2226705572, 2115953831, 2205926570, 2303825066, 2129110191, 1158257842, 140655795, 1994429624, 2276920505, 2119955642, 2153931963, 2401946817, 67181763, 2144177350, 2539519177, 2122409168, 2583553233, 2110401745, 2552593622, 2623315163, 2019466472, 1818914027, 2755251438, 2332431601, 233264369, 2587473139, 2195424500, 1964485877, 2013838585, 2118401275, 2327092475, 2522875133, 1986794756, 2079016201, 2114716943, 2493535503, 1443609876, 2310216987, 2723339550, 2048470303, 2685644062, 1820038433, 2086984996, 2161149221, 2163830057, 2917637419, 2303094063, 2139104560, 2797276463, 2153170226, 2309805364, 2243505461, 2058251574, 2484835640, 2659730751, 2614428991, 2264665413, 2117819720, 2476576073, 2088181067, 2654428492, 2042316107, 2712198479, 2286237009, 2698710359, 2124272984, 2131598680, 2107364696, 2669561179, 2786794848, 2311302497, 2279001444, 163945834, 2111360380, 2673980798, 2479953280, 2132417921, 2151488898, 1771793793, 2952897927, 2057633162, 1880919438, 2665797011, 2191654297, 2981678493, 2155791777, 271267233, 245999015, 2257200556, 2161999281, 921030072, 2287603129, 2467337658, 2046127544, 2146196924, 136859070, 2099856836, 2424839621, 2308464072, 2630565321, 2145824205, 2661547474, 2046393814, 2676708825, 2119265756, 2531853790, 2656996835, 26172899, 2620911077, 2714066404, 2012548583, 2426174957, 2891556340, 2146156024, 2135795193, 2612774394, 2650699256, 2107624962, 2785766916, 2134728199, 2916255243, 2138469899, 2682588686, 2630168078, 2157616655, 2624972305, 2020947471, 2116269587, 2637733397, 2398234133, 2306397723, 2918239773, 2141165091, 182685220, 2110150181, 2124709418, 2119233069, 2315179577, 2066619962, 2343220795, 2302846526, 2144349770, 2099541584, 1894383194, 2889139805, 1790228063, 2111825506, 2523149923, 2120705636, 2648045154, 2673946214, 348262004, 2887679606, 2281328248, 2021557885, 2136632959, 2124240512, 2126667393, 1991743105, 2981793408, 2108550795, 2264856204, 2806021778, 2308294291, 2073398933, 2645493400, 35471003, 2128184989, 2137831073, 2111762091, 2194538157, 2990208686, 2054844082, 2170453683, 2013077172, 2640428727, 2145027770, 2713716411, 2005585612, 2320834254, 2286583522, 256976611, 2765455077, 2303213287, 2515562216, 2944808689, 2949369587, 2121199352, 2150893305, 2284908285, 28927743, 1964658433, 2090845954, 2103926531, 2337615618, 2887352066, 2171932422, 241430279, 2488846090, 2125545227, 2105519897, 2136280859, 2557968155, 2306475809, 2423074595, 185302822, 2648856358, 736272169, 2286841641, 2617415478, 2183929656, 1760382778, 2149631809, 2468812614, 2767173446, 2308347721, 2610591563, 1628030795, 2718140237, 2646767437, 2617401169, 2492057428, 2100098901, 2677411677, 2700046183, 2097780584, 2164938602, 2129457005, 2127992686, 2776399727, 2102153070, 2121082737, 2141355890, 1982293875, 2232213365, 2090723198, 215029632, 2120437635, 2114908038, 2704338830, 2775994258, 2317240212, 2942920600, 2108934043, 2674136991, 2762446754, 2313287600, 2197065657, 1192728506, 2639933372, 2668015552, 2556995520, 2618976204, 2169133009, 167516114, 2887491541, 2603796443, 2985965532, 2797404129, 2636488678, 2438516713, 2588274667, 2108717038, 1935704050, 2799472628, 2669647861, 2726391797, 2141835258, 2907377662, 2123837439}

12. {1982767616, 2169507332, 2144446980, 2886743564, 2941502995, 2108862487, 2117806615, 2158987803, 1985058331, 2569801243, 2887018526, 2636023837, 2887262756, 2167348271, 2110029363, 2810337849, 2158996540, 2109655100, 2954961981, 2182528064, 2150454853, 2120634949, 2168129606, 2145882696, 2148679243, 1970051665, 2635429972, 2105083482, 2944772701, 2886608485, 2289637486, 2277771374, 2948639857, 2491115127, 580814456, 2112276603, 1994637948, 2757437565, 2152748675, 332449412, 2143514246, 711491214, 2085880977, 2101255316, 1980954773, 2644468377, 2775161498, 2160573085, 2905340065, 1992851618, 2144112298, 2048193198, 2613968562, 2180561075, 2186384567, 2956480190, 2571466942, 2564848323, 1964939973, 2250506443, 2028140240, 2169544406, 2037742808, 2139768026, 2094020829, 1915632865, 212318434, 1740375789, 2945907445, 2112800505, 2160003323, 1963981059, 2922304776, 2115569417, 2429249806, 2150393614, 2044774160, 1168736529, 2945339168, 2940974881, 2618119973, 222680366, 389967151, 2432250672, 1948338481, 2886506806, 2193519928, 1911282488, 240551738, 1979875134, 2572083017, 2621583694, 51202904, 2096175450, 2424441184, 2617228133, 2542471538, 1954383733, 2123900790, 2744818551, 2916494712, 2885106564, 2973661071, 2136098704, 2798283160, 2758274969, 2258767774, 2655204770, 2049041322, 2047018924, 2117512622, 2810081712, 2583445937, 2951830967, 339049913, 2886178747, 2083719104, 2711419841, 2679477186, 2319292354, 2078454212, 2138582470, 2760752072, 2158369232, 2357163472, 2953524689, 2148076503, 2617018330, 1991753691, 2731950044, 1256664030, 2000276447, 2116143585, 2537523171, 303170550, 2489391096, 2165532159}

13. {2012499344, 2098833299, 1132038548, 163562263, 2134858009, 2124654629, 2113424167, 2713232940, 2099747503, 2112604340, 2000240052, 1860457788, 2704415356, 38330306, 2004635363, 139710438, 2150769263, 1972492785, 2127219702, 2155788667, 2245267964}

14. {2751147907, 2138309126, 2261313287, 2163928714, 249328140, 2171310226, 2620355993, 2586857629, 2192114473, 2135591858, 2973463478, 2112034102, 2779164984, 2695998135, 2991193019, 2578085563, 2752567228, 2222511166, 2229905469, 2674707781, 2009643342, 1985462230, 2398618977, 2282946403, 1216270184, 2664019822, 2973465968, 2608341104, 2698288124, 2720404734}

15. {2973906432, 2152192515, 1074317828, 2026853380, 2780399627, 2050305038, 2150286864, 2253650449, 2182147601, 1997316624, 1764880920, 2226449433, 1224594970, 1988380700, 2323039776, 2969322528, 2124133410, 2773916195, 2156148776, 2121741865, 2423275561, 2107457066, 2167730221, 2169112117, 2351112761, 373639738, 2309141562, 2311839806, 2113776703, 2170360384, 1987304000, 2120394816, 2115754563, 1999283268, 2098565701, 2080649286, 2521033800, 2158227529, 2012553288, 2199643721, 2518612559, 2056576592, 2098564093, 2697510482, 167066707, 2109044308, 2974703701, 2942996566, 1982686295, 2339494998, 1989062233, 2105970778, 2704620633, 2245613142, 2170105437, 2689840733, 2130130519, 2814527065, 2036027489, 2567269472, 2540250723, 2563700836, 700701283, 2123096679, 2106320489, 2192733802, 2257247850, 2648333929, 2174223982, 1963649649, 2503194739, 2904156788, 2542572150, 2167627895, 2227652215, 2168003195, 2105505918, 2255005823, 2577593985, 2305253506, 2683827842, 2305042564, 2146223749, 1973297286, 2531089026, 2111350408, 2472974983, 2691645578, 2045677714, 2133791891, 2066755219, 2469502098, 2108123797, 2250613911, 2153253016, 2155523736, 2189824159, 156417696, 1831418529, 2182042274, 2759616675, 2974387873, 1983067814, 2112993959, 2155324070, 2034085542, 2067334826, 2160738985, 2118603949, 2121255598, 2115983535, 2958999215, 2157530801, 2614198451, 2794400439, 2112147641, 2166774973, 2792720064, 2117499587, 2090938053, 263878853, 2592367814, 2515577032, 1992979146, 2643503306, 2423075020, 1982909132, 2551763662, 2222627537, 2068845266, 2659860694, 2311469272, 2155972317, 2132966622, 2022199012, 2279742181, 32547045, 2116009706, 2420583661, 2120526064, 2600024304, 2150554866, 2655564532, 1984723189, 229238521, 2141513978, 1006355709, 2153260287, 2130461439, 1242681600, 2042301190, 2562602763, 1973175564, 2010163468, 2801824526, 1960223503, 2138380560, 1982686475, 2102234898, 2146842387, 2904253716, 2689340181, 2959698198, 2089389847, 1277157658, 1861140251, 2081690908, 2009470241, 2255970594, 429846306, 2142534948, 357771557, 1245593894, 2099723044, 2904471331, 1972941097, 2084304682, 2126128427, 2438675243, 1989800237, 1936190767, 2553238320, 2739923759, 2940205873, 2045336371, 2154155315, 2635702585, 2516323642, 2172217660, 2779154750, 2974740802, 2100062019, 2120526659, 2158092101, 2511856967, 2100964680, 2793382729, 2503948618, 2096455498, 2582534476, 2133550925, 2322817360, 2153673042, 2199851348, 678737753, 2105133914, 2158585179, 2162525018, 2143417181, 2581710175, 2147812705, 10698082, 2104338273, 2123924835, 2303681378, 2202152806, 2399628797, 2108281707, 2139133291, 1832273772, 1974375279, 2302680945, 1956387186, 1789943155, 2160000370, 2905560437, 2952039800, 2651228025, 2489048441, 292233083, 2934265213, 2688599934, 2132417407, 2125091711, 2123402623, 2560792448, 2802879870, 2134649220, 58740613, 2153533317, 2617182599, 2288546180, 2431724936, 2152097669, 2117281166, 2291982736, 2228635025, 2187358098, 2576574865, 2801377680, 2167410069, 2236752787, 1216427927, 2623605143, 2040538009, 128194971, 2154355101, 2286822304, 2336641443, 2025695656, 2527721897, 2345306027, 2126187437, 2763910062, 2894099885, 1893939123, 2740985780, 2763781558, 2126084535, 2156373944, 2157461436, 1972084669, 707607996, 2644924863, 2481562560, 340012993, 2905382845, 2753585602, 2924422597, 2621115333, 2200356811, 2809915851, 2920034763, 2145481163, 2957313488, 1225456593, 2752721874, 2421956564, 1967470551, 1978435544, 2011250649, 2775953372, 2542433757, 2064393185, 2160774113, 2182148579, 1976315876, 2162010601, 2147480042, 2062477293, 2139600881, 2487847411, 2074170867, 2102119411, 2559789557, 2779237367, 2972401653, 2090135549}

16. {1210402752, 2307447716, 2590839224, 2163893847, 2000470888, 1866971657, 2101867916, 2121958414, 2291370321, 2973475218, 2653067219, 2645047093, 2558682966, 2585119703, 2947927736}

17. {2129234176, 2080385923, 1816407429, 1253581829, 2284516491, 2307110411, 2145653005, 1723882514, 2135335703, 2146991767, 2030429339, 2137764892, 1490387740, 2181276703, 2092411937, 258834860, 1971876915, 1992698686, 2308656591, 1970886097, 145985620, 2343428969, 2087334643, 2682170619, 2274471933, 2667875455}

18. {2121357825, 1197387783, 2770665993, 2810240010, 2256903181, 2129427984, 2105763867, 2102991391, 2521318435, 2469111333, 2247878185, 1336878, 2030852142, 2626056238, 2191762995, 2743609910, 2803607111, 1826379855, 2595137622, 2636789848, 2261180507, 2022538346, 2139111540, 1970964601, 2130438778, 2531387529, 2273164431, 2133995674, 2115406492, 2196115616, 2138373286, 2911911590, 2138581166, 2234128381, 2659308723, 2772407477, 2114684598, 81068725, 2153105600, 2161922758, 2912144583, 76530380, 2108885708, 1964626648, 2138625242, 2176235229, 2102350560, 1976064736, 2294319848, 2165712619, 2709506286, 1981589743, 287564019, 2130296053, 335414518, 2241079541, 2323410178, 1984627469, 2600033041, 2138060563, 2756172565, 2215531292, 2100604190, 2660785951, 2089944350, 2806442275, 2145800998, 2058211624, 1908789546, 2576568117, 2121496889, 2155697977, 2179094332, 414350144, 1971726845, 2025686339, 2917836101, 2005927755, 2620291406, 2793891153, 2121054036, 1130427738, 2307112286, 2237729119, 2889608030, 2160611682, 2158748514, 2105682791, 2155740526, 2106994032, 1879637872, 2277234034, 2686131577, 1985099140, 2020729221, 2667755403, 2512057741, 2164806031, 2195679122, 2598964116, 2176667029, 2759810457, 2103829928, 2506988973, 714011566, 2690676148, 2230991798, 2122117561, 1989832124, 2002811327, 2215647167, 2109098434, 1968767947, 2720093134, 1982327768, 2892215778, 2754256363, 2131158508, 2151398381, 2075354094, 2218969584, 1210846194, 2782238196, 2146387448, 2167617533, 2105541630}

19. {2529038212, 2155966474, 2165393547, 2307353355, 2011794446, 2066672400, 2104357137, 2006850069, 2142617493, 2129404799, 2973689495, 2587379353, 1980332445, 2658541342, 2343632159, 2298816413, 2569193760, 2434797223, 2050642730, 2159555114, 2469216556, 2493697578, 2151804848, 2892853552, 1931167544, 1766502841, 580853308, 2513041856, 2127765569, 255299781, 2543966792, 2010304850, 2516130005, 2556410326, 2168986198, 2974820824, 2783034974, 2697139681, 631010275, 2974854246, 2163814375, 2693901800, 1975788265, 2491962855, 2780553706, 83456491, 2427591149, 2283390438, 2203357927, 1963686774, 2170268284, 2686344319}

20. {2679547777, 2186828034, 2126265987, 2436813318, 2250190093, 2421178130, 2950917011, 2440824083, 2157277216, 2485693601, 326067235, 2549503014, 2629691430, 2136140329, 2159035819, 1627015213, 2949237421, 2168338481, 2647868979, 2588003124, 2159178421, 2666846133, 2157750842, 2079373501, 2086225855, 1996865599, 2775802176, 1116935363, 2403970763, 2949605458, 2900914644, 193640279, 2115872600, 2984881113, 63432279, 2609335130, 2228602972, 2294872537, 1790983262, 2128000094, 2002443362, 2516728163, 28193131, 2894149741, 2472855918, 2641692015, 379399664, 2555121648, 2167241461, 1914535798, 2147457014, 2167959672, 2115938681, 2266639099, 2748128636, 2207926141}

21. {2811768833, 2783282691, 2322639492, 2415138085, 2717838184, 2673401640, 2100244399, 2287904115, 2234054260, 2521536024, 2755796473, 2342421723, 2650805276, 2673719933}

22. {2012641024, 2893607809, 2897638787, 2154688392, 1880893704, 738138390, 256145817, 2120117529, 313529756, 2635603613, 2153429537, 2439275045, 2132273319, 2317660970, 2627783731, 2641101239, 2313896761, 78318780, 2169669566, 2139286080, 2792601924, 2207594570, 2118899531, 2136146253, 1237598545, 2119669846, 2171156058, 2672249309, 2146594527, 2893421279, 565168613, 286913512, 784246891, 134523118, 256817264, 130991859, 2648071540, 2170413437}

23. {2630598020, 2680274566, 2512018183, 2311827725, 2160919957, 2157739414, 2112648600, 2596854427, 2779863071, 2491593252, 2737237284, 1766822183, 2503782185, 2620240428, 2640736305, 1940150067, 2908519989, 2123113405, 2527450174, 2133707332, 2234070213, 2133597766, 2107452622, 2966895959, 2032014808, 2109529818, 2123453914, 2667250781, 2310202602, 2101866092, 2659952367, 2137999608, 2101669372}

24. {2121447554, 418359043, 2176211339, 85440151, 2093425954, 2250995109, 2118388651, 2013714938, 2796647221, 2066932283, 1910141500, 80205887, 1955523778, 2480733002, 2578625872, 1777916241, 2225007442, 2974826322, 2973600085, 2196193366, 285722199, 2974759001, 2222400988, 1966462439, 1237369707, 2232305648, 1213397108, 1971588212, 2169881080, 109515386}

25. {2276572128, 2264774275, 2302731237, 2306056197, 2464530759, 2323257001, 2712320970, 2129204939, 2163731724, 1253780012, 2670034793, 2169001842, 2112220498, 273427796, 2259185397, 2151263804, 2617107773}

26. {2125960545, 2223444130, 2396992184, 2660154129, 2969965777, 2141713944, 2696202366}

27. {2157788417, 2101669252, 2892951557, 2575873672, 2152304009, 2229488144, 1718920857, 696275742, 225598367, 2120305826, 2894193190, 1048266816, 2142518979, 2150251006, 2704987474, 2635545435, 2152004062, 2137632762, 2970711141, 2126124262, 2492120679, 172763753, 2165660154, 2101458812, 2149808126}

28. {2550870536, 2300598665, 2696354318, 2311638158, 2000899727, 442130, 2684541715, 2414719251, 2168000538, 2167288354, 2303080869, 2099091510, 2659146938, 2499857211, 2155614269, 2146900169, 2303745997, 2102340174, 2138632143, 2493630680, 2688675929, 2167947354, 2786883425, 2089011938, 2291939811, 2320430060, 2136058733, 222359281, 2805883763, 2156458360, 2628650236, 2693193598}

29. {2141062915, 2697197284, 2440350627, 2109675847, 2627035244, 2442767405, 2151480207, 1827259248, 2963638965, 2607399926, 2170066198, 2146699064, 2184588153, 2599024602, 2145236953, 2942192926, 2166558591}

30. {2556618250, 2768877836, 2671968398, 2961594256, 2318353171, 302251413, 2753743768, 2805644826, 2636575259, 2652146461, 2749903649, 2342039970, 2161348131, 2748070433, 2747451555, 1620943014, 2628629802, 2769788716, 2159840174, 2749724340, 2699775157, 2749976761, 2751921730, 2151375813, 2979904462, 2979897941, 2481373154, 2167944170, 2303706220, 1980421613, 2138034163, 2619180916, 2123651450}

31. {2473000579, 838544676, 2430559468, 2974339949, 2112660596, 1967647065, 2479706685, 2410206302}

32. {2101853064, 2168987917, 2029725838, 300219410, 2164330003, 1942058391, 2786902937, 2658946728, 2124480168, 2936172587, 2270319918, 2974465328, 269166516, 2136801601, 2011891280, 2721357267, 1963636313, 61618545, 2250789746, 2203799027, 2628596981, 2535716982, 2128526200, 2155683449, 2700811133}

33. {2468960519, 1716577161, 2638711446, 2168024214, 2109712542, 2144812577, 2481505314, 2159446310, 1455579439, 1977819825, 2792248371, 2712713022, 2654702788, 680717381, 2617022538, 2465384397, 395901005, 1980017490, 2307002453, 2642843478, 2168677721, 170241628, 319683806, 142609535, 2646530528, 2630036705, 2705218913, 2162290275, 2706586469, 2637627366, 1316427367, 294574699, 2951570805, 209766775, 2500404092, 2025344509, 2042498943}

34. {2973932290, 2888956291, 2123085317, 684306061, 2920742547, 2102137111, 2346684969, 2074427571, 689516214, 37166140, 2489643328, 1965563337, 2234370517, 2033383254, 2171100764, 2000201181, 2210947423, 2659704930, 2124977255, 743444457, 2167857131, 2673851371, 2164073202, 1986292724, 2275699325}

35. {2126743808, 2566606722, 2615270531, 2419894020, 1265058821, 2133675653, 2124235143, 2070480262, 2153960200, 2129056645, 2129527565, 2950405390, 2311521043, 2092480278, 1996466583, 2129879323, 2110547101, 2073830816, 2642210728, 2694897578, 2436303148, 2791727022, 2147023535, 2504216625, 2193047602, 2653494708, 2013994038, 1968939959, 329271104, 2617884225, 1653474373, 2145548103, 2106183752, 2921668299, 2189878604, 2786627151, 2673988562, 2704834260, 2310937304, 2207800025, 1927568734, 2963621088, 2124142177, 1995856744, 1984009450, 1978940014, 1999091568, 2097690609, 2116410742, 2100872568, 2677252731, 2530571260}

36. {2712876001, 2082323522, 2800397316, 324559911, 569014346, 2787955479, 2560681484, 2007797616, 2133447601, 2308171376, 1241624019, 2144984662, 2136475958, 2794971638, 2404585823}

37. {2530960729, 2638196787, 356296681, 2153773055}

38. {2273436352, 2109553401, 1954235802, 1923408730}

39. {23321858, 2974270599, 2144926606, 1986472849, 2101361042, 2651497368, 2464751516, 2223564835, 2968347175, 2697133481, 2136734126, 2029416113, 2079985590, 2289497143, 2159208120, 2427784380, 2120836034, 2307269316, 1977540554, 2121825231, 2589666513, 2660544595, 2130120403, 2641748184, 2141247578, 2702952925, 2040714852, 2271675110, 1980495847, 2721743338, 2567700973, 2660451822, 2128031215, 2632420093, 2701035903}

40. {2115085568, 2156325763, 2162532364, 2291007117, 2159582477, 2157053201, 2717112465, 2010648985, 2063877791, 2657239201, 2171221803, 2097766447, 1253624371, 2131498169, 2234438590, 2091697727, 2479320896, 2122185027, 2024212165, 1195575240, 2125282896, 2026263376, 2104566615, 381691230, 2491442529, 2100368226, 2096769772, 2625359218, 197335923, 2032259955, 2630961016, 1936453497}

41. {1972399872, 323429155, 2031793861, 2315668709, 2046817901, 1005765903, 2156821714, 1349250965, 2253743894, 2104995575, 2235619131, 1961022492}

42. {2791324417, 2656612738, 1187850377, 2750890124, 2109506190, 2242984718, 2565803920, 2625171985, 2180615186, 2647494419, 2652081941, 2079160086, 2143744153, 2111117978, 2565711642, 2660581146, 2946769952, 1995330977, 2298299938, 2712552611, 2748551714, 308720807, 2443176871, 2327238313, 2703803048, 2578729128, 2990967209, 2127959086, 2101069102, 2487806258, 2142761525, 2716164282, 2565283258, 2673319999, 1968948545, 2973967809, 2123360195, 2887556164, 2218362054, 2974607176, 2125090889, 2026693960, 2886037320, 2132419788, 2438257228, 1983256013, 2225698638, 2168598862, 2647489488, 2509876434, 2121694290, 2300473812, 2752255821, 2650938711, 2122340056, 2131216600, 2102338519, 2162535520, 1949616356, 2940305254, 1845272425, 1626230890, 2601550315, 2052320492, 2174804332, 2676838269, 2679470831, 2503399274, 1275797745, 2568389241, 2006577648, 2639260782, 120014194, 2746529528, 211965049, 2593217274, 2062557051, 2527167101, 2562894719}

43. {283729413, 2174515720, 2152678922, 2712291852, 2657980944, 2572403729, 2686972946, 59950609, 2698531350, 2148173850, 2690310171, 2123722779, 2647138845, 22876707, 2113402916, 2009980963, 2158714921, 2667296298, 2275467305, 2514312236, 2072260143, 2175474737, 2974787638, 1539331129, 2134439482, 2168417342, 2627036734, 2136434754, 2974705734, 2634075719, 220758600, 2599949391, 1967730256, 2613775951, 2165502546, 2430827604, 2135290966, 2643605079, 2071344740, 2107800677, 2879768679, 2150944872, 2164683882, 2277096557, 2184381038, 2303283825, 2099309692, 2163536000, 2145643648, 2079982212, 2117586055, 2306854541, 2985455767, 2580934298, 2720583845, 2034058919, 2255256744, 2224283304, 2121174705, 2061998587, 1183164095, 2648197827, 2123426506, 2140239056, 2779438289, 2279653074, 2066983636, 2294526165, 2005525721, 2716337884, 2714132198, 2057816297, 2562098411, 2477309171, 586919157, 2679379192, 2095609082, 2031464187, 2238248186, 2141343487, 2308596483, 2130020619, 1881478427, 2697039132, 2665071391, 2692440355, 2712848680, 1966089003, 2100755756, 2046844723, 2469582652, 2420034882, 1782449480, 2044619081, 2143492942, 2102662993, 2789999956, 2471901525, 2626308438, 2157503323, 2183415134, 2644860767, 2233040739, 2552409444, 1160319852, 2161938289, 2106790263, 2125482361, 2165449085, 256185216, 2974745984, 1990664579, 2689972614, 2603303308, 2103649173, 2695828886, 2806249368, 2156778907, 2610456988, 2474027421, 2973662129, 2663756727, 2131634107, 2517750715, 2023947709, 2689738172, 2169132994, 2143353851, 1984848332, 2894535119, 2690363857, 2324564440, 2174244324, 2438059495, 2686369259, 2134617069, 2103155697, 2677203451, 1923040252, 2483618302, 2150696959}

44. {120405888, 2000339328, 279246853, 1981312902, 2103785223, 2274171274, 2714319115, 2638250125, 2097854478, 2096307214, 2000890000, 2147708687, 2155704210, 2505219731, 278196114, 2399294742, 703044121, 2479779355, 2513933595, 2942775336, 331804587, 2686563499, 2055547565, 1971963563, 2129046703, 2945035441, 2045176117, 2962983863, 2027945657, 1013694654, 2158122691, 2884997445, 2749635918, 707720273, 2302839381, 2720828248, 2102146905, 2267891547, 2726928349, 2165762141, 2552488035, 2132730091, 2438562290, 674106355, 1896170487, 2036828027, 214083836, 2093733119}

45. {2133542786, 2887286540, 2407210511, 2808226832, 2051564305, 2026468754, 2130548115, 2885616783, 2143858581, 2308383518, 2223291551, 273705761, 2112439973, 2134145320, 2073005353, 2155267624, 2423718058, 2565245356, 2810093737, 2163446446, 2118589368, 2119051707, 2764208891, 2808344896, 2089644616, 2223219022, 2772725585, 2229040338, 2767461842, 2757203290, 2612019807, 2704018656, 2171349491, 2166523126, 2148452089, 2177992955, 2963913468}

46. {2056879232, 716622119, 2121873674, 2030807056, 2633071507, 2531826390, 2169088859, 2329097980}

47. {1586664673, 2428874499, 2638456997, 2152632774, 2153815270, 2705432263, 2125465865, 2974771242, 2110829035, 1964108299, 2297621101, 2463525352, 1980972208, 260072656, 2611517781, 2428168214, 2198039525, 2973255802, 2973291227, 2304511068}

48. {2014772480, 2117320897, 2114004335, 141315511, 1106384250, 2502434749}

49. {2618802566, 2128773775, 2078859152, 2143245073, 2421353874, 2170662939, 2712530723, 2642286119, 2627297451, 2141858736, 2523638332, 2141094207, 2748966848, 2101549130, 2331671499, 2461302228, 2160234199, 2129186786, 2634789092, 2164700135, 2116238061, 2296790386, 2152233849}

50. {2643824388, 2157537541, 2971394567, 2678334480, 2406807314, 2110083225, 2635398684, 2424584224, 2720416289, 2606458790, 2671968938, 2662347708, 2638930763, 2797785810, 2167219411, 2166324948, 2599364821, 2887347413, 2887736667, 2917784673, 2170759651, 2107099626, 2715210219, 2647187949, 2516414709, 2068944376, 2437364730, 2591587709}

51. {1917177602, 2680209987, 2973620291, 2045744424, 2974646121, 2973815257, 1964610033, 2126669522, 2032122550, 2294784631, 2974425145, 2809979322, 2154530845, 2165534910, 2110559679}

52. {2222824643, 2304383299, 2675699142, 2425744831, 2120919370, 2225446863, 2141674865, 2783419828, 2411710422, 2012011159, 2158948764, 2166238205, 2097228415}

53. {2136197381, 2722182919, 2124672136, 2974651277, 2304714639, 2107070739, 2667020052, 2689434645, 2104129307, 2973666971, 688037275, 2639655452, 2635438881, 2149737764, 2071763117, 306415677, 2263778494, 2066073919, 2163398345, 2920648786, 2130656219, 2150264287, 2420013409, 2302730855, 2949919724, 2674196334, 2952918645}

54. {2606875650, 2411830947, 2329584165, 2695215271, 2157519435, 2311264556, 1904285072, 2210008403, 2307241205, 2568183957, 2953178713, 2109512827, 2003860509, 2949391103}

55. {2098094980, 2065581447, 110248967, 171162259, 2006899475, 2479401495, 2973314457, 1086895772, 2661498143, 2945468193, 2939752099, 2067580452, 2973300263, 2688319911, 2253496617, 1076483373, 2171539510, 356182455, 92229816, 2070795449, 2254079418, 2114334649, 2507488702, 2102939330, 2973415753, 29156430, 2093895374, 319246674, 413323987, 1009181140, 2007120082, 286406747, 1939368286, 699740264, 2314123627, 2100535278, 2483511038, 1224875509, 2132588407, 2620419194, 5273470, 2027654143}

56. {2422733399, 2111736200, 2411345163, 2303091855, 1438718674, 2110410291, 1950935475, 2401675732, 2145094647, 2629861817, 2225372315, 2101451679}

57. {2466147073, 1993624226, 2900888100, 1711631620, 2136048390, 2015150056, 246144777, 2618322286, 2100607793, 2432496721, 2139528241, 1755034646, 2580651191, 2471903036}

58. {2174365505, 203408005, 2153927529, 2155871277, 2085842741, 2162693559, 2259477726}

59. {2250861761, 2404653285, 2306801064, 2205580687, 2946822927, 2213902359, 2038966395}

60. {2121484676, 2309878022, 113008519, 1993998599, 2661235977, 2111755146, 2696515340, 2556284687, 2111678102, 1749547035, 2132633247, 2689163424, 22683426, 2111529380, 2135022376, 2549260715, 2126219569, 2305980082, 2877101617, 2571384116, 2703536947, 2722940082, 2249216824, 1896220602, 2554636603, 2654530490, 2633235007, 2613183295, 36542275, 1287450821, 2834383174, 2129285711, 2115331153, 2981279955, 2150042453, 2691984854, 2659983193, 2630959193, 2128735450, 2095937625, 1162469211, 2719167585, 2674702310, 2498359531, 2105412847, 2100116847, 2687191026, 2657074548, 2633919093, 2620154740, 1484846328, 290274558}

61. {2143537344, 2685482818, 2257893379, 671322532, 2191094725, 2096236645, 2915336999, 2102486985, 2095748683, 2308861805, 2276395247, 2810088816, 305287261, 1993179766, 2125676828, 2564845501, 2119689471}

62. {2300621920, 685876804, 2611774216, 2108082250, 2617896043, 2126139693, 2282919163, 2169161884}

63. {2250285477, 2224458439, 2773145704, 2608607164, 2346335116, 2158933423, 2236869748, 2650357815, 2661868503, 2109433817, 2153261532}

64. {2674473760, 2112450978, 2582176260, 2143383783, 2486748874, 2152287819, 2402462604, 2987622860, 2107855405, 2063506320, 2030310993, 2811114035, 2284512726, 2493520667, 2221642173, 2582663998}

65. {2107475337, 2426462219, 2938699281, 2171090712, 1983683995, 2797069725, 2058724791, 2222255928, 2171704005, 1633195977, 1903820745, 2096638537, 1226224462, 42081617, 2003255636, 2069524442, 2144500958, 2106920819, 2566651899, 2121850749, 2568076414}

66. {2166905699, 2438499849, 120054345, 2488157484, 2271803309, 1902595055, 2102561201, 2649988150, 2129696950, 2678412248, 2148431577, 2000788092, 2170070237, 2135771198}

67. {2825111296, 2099606115, 2190756710, 2805370380, 2105138128, 2947593715, 2301633205, 26610615, 1545532702}

68. {2137021762, 2582338470, 1510512295, 2282187689, 2133226413, 2193272720, 2107841943, 2170036728, 2021011417, 2101844666, 2163043836, 1765151647}

69. {2603090433, 2165126787, 2139909636, 2796642948, 2568700295, 2752100491, 69206028, 2038565774, 2052297104, 2012101650, 2010933138, 2571351317, 2239818905, 2602780837, 2079511213, 1401516100, 2432805317, 2740640457, 2575966546, 2753396950, 2796823511, 2138109532, 2219261919, 158350312, 2140659949, 2125891183, 1146131445, 2556051578, 2145464190}

70. {2501813066, 2112499436, 2430370864, 2104966132, 206911289}

71. {2158416523, 2134360077, 2943501461, 2065351837, 2156456099, 2483605928, 2124189993, 2336400308, 2160722999, 2109913144, 2652870203, 2157343420, 2925375433, 1166225361, 1830956630, 2137345622, 2157256282, 2312949851, 2101737198, 2221499633, 2103912306}

72. {2807676298, 2507696524, 2190388369, 2465306134, 1978722711, 2224090912, 2080877090, 2106686503, 2235801643, 2100608300, 2153095358, 2142715967, 2885092928, 2591181254, 2147974866, 1995762524, 2107908574, 2114868839, 2294082537, 2578074220, 2121397612, 2153180282, 2138386684, 1979115519}

73. {2116899972, 2099668966, 802464625, 2145238836, 2132392980, 2127547127, 2193073850, 2697544378}

74. {2125329348, 22200808, 2809842200, 2132197357, 707369550, 2136912688, 1982846354, 1567119252, 2145116536, 1999861498}

75. {2115129221, 2576847494, 1277270921, 2005485966, 211132430, 2589781906, 2767885588, 2623169184, 1534519969, 2303878307, 2301164714, 2095628970, 1996475308, 2307351473, 2952418228, 2225728949, 2296897982, 2323133256, 2034726871, 2160937047, 2127957467, 2120710491, 2344401761, 2530945377, 213387235, 1974194283, 2421992045, 2112183790, 2529331438, 2140392307, 2144971638, 2594060279, 2131517558, 1273541113, 2138396922, 2165170557}

76. {1990677562, 2756921958, 2148415883, 2048342219, 332721774, 2774316334, 2485676879, 2673033531, 1266997330, 2142547891, 2739260795, 2287307189, 2596133846, 2578849750, 39126808, 2949686457, 291719226, 1929014587, 2253240189, 2807207934}

77. {2672143680, 2165120380, 2101918435, 1981687363, 1969598631, 2168298283, 2024405932, 2020323659, 2090046896, 2309753748, 2210584885, 1566999510, 2095597210, 2122726074, 2467176697, 2142519770, 2119965883, 2191181116, 2310047261}

78. {2947944579, 2279719687, 1985644814, 2665115056, 2124825873, 2703693342}

79. {2651190560, 659823302, 2600110281, 2390252746, 2074487401, 2096559244, 2119548653, 2121671384, 798699760, 2717700531, 2467694644, 2094638808, 2125209181, 2687817726, 2294590815}

80. {2281067712, 2439384097, 1231256252, 2474615108, 1995648485, 2145174184, 2925990410, 2470375243, 2290062446, 2163249015, 2280543505, 2944114161, 2903898899, 2561589652, 2113477079, 2060376476}

81. {80806656, 2143742208, 2716786819, 2705896453, 2663467654, 2617764487, 2516592133, 2761820293, 2070910730, 565878027, 2001211022, 2295286801, 223393298, 2112944148, 2110632087, 2761418520, 2636486041, 2103353751, 2153869848, 2249513375, 734473377, 2032841768, 2668667049, 2620518057, 154614572, 1271428783, 2667350581, 2130071735, 2125365310, 2470156736, 2806902083, 2711112261, 2158770758, 2132649285, 2973667016, 2778102731, 2794954059, 2159371856, 2158529360, 2168340306, 2073463506, 2270057168, 1425947733, 2903163601, 2427548759, 2705977432, 2430817880, 2421153114, 2101380955, 2067291096, 880126689, 2301744481, 2112493156, 2278444009, 1244091758, 2148888047, 2304296946, 2069659252, 2306257781, 2166006133, 2704139895, 2119311098, 2224485244, 2239097853}

82. {161784641, 2303133277, 2105066534, 2701356104, 2444616201, 130402026, 2424900657, 2104481041, 1606789363, 1861887314, 2171847894, 2683322263, 2167004349, 2096567806, 2426114879}

83. {2655321856, 2054697475, 2066704522, 2077307915, 2469298705, 377916561, 2127523094, 2801065625, 2142158874, 2793130779, 2617984416, 2165836321, 2168657702, 2660289963, 2693725741, 2311849646, 2396633267, 2103402934, 2165654328, 2080024131, 2428202947, 2141382980, 2955318979, 2131397191, 2164380361, 2311866570, 2918369227, 2273510857, 2126982605, 2569737810, 2136644312, 1779716832, 2527787617, 2146227428, 2693359333, 1256201960, 2162458345, 2304243050, 2141290861, 2225452155, 2581006717}

84. {2168292834, 2703656740, 2193850567, 2250193160, 2166614894, 2103907120, 2037318288, 2677618354, 2101119378, 315218582, 2101052892}

85. {2254811842, 2716511139, 2973856295, 2754567816, 2422016745, 2717052363, 2719088235, 2169565136, 2755480241, 2691097075, 2689758101, 2256035286, 2711718615, 2708626617, 2681674590}

86. {2907644290, 2434792323, 2002991493, 2082144266, 2523568273, 2916586769, 2631755411, 2892779153, 2800247447, 2769622812, 2800472733, 2688000546, 2560134948, 2540498725, 2773036325, 2712404010, 2248182573, 2786222638, 2692213045, 2130419392, 2110372033, 2165386180, 2132061254, 2113724362, 2563460939, 2541836748, 2896925261, 2802406610, 2917341782, 2169730264, 2555452120, 2801459674, 2143611120, 2719008630, 2118495735, 2430169722}

87. {2129968901, 314873480, 2777284621, 2288763408, 2617904670, 2154798116, 2526094258, 2106770748, 2669062722, 247602115, 2053214915, 2108025540, 2111317318, 1976950599, 2683734226, 2776505562, 2141672156, 1944786013, 1983098590, 2420615789, 2100881647, 2064583791, 2097842934}

88. {2165675528, 2181212428, 2776348947, 2094791576, 2114809883, 2100889886, 163014821, 2139051431, 2305309738, 2150821431, 2629505852, 2903589564, 2659469642, 2904710013, 1987672144, 2281836121, 2912410841, 2021940073, 2304631020, 2118975213, 2296169582, 2966070252, 2079370109}

89. {2720532964, 2476482215, 2702977832, 2720128845, 2690892210, 2706191924, 2809828917, 2662192989, 2126246590}

90. {2122533380, 1274012165, 2488539398, 2144294029, 2102970895, 2307307794, 2510375204, 2936749610, 2002988972, 2906681012, 2096364092, 346703939, 1839145285, 1725132105, 2121417551, 2238563928, 1304837858, 2504228580, 2721639534, 2644344561, 101486710, 2216328566, 2102672766}

91. {2053238798, 2796378770, 2973836693, 2131026200, 2635185824, 2109999012, 2637396645, 2444582312, 2121813290, 2136971955, 2100597304, 2170386873, 2157604921, 2144585786, 2970353990, 2117785419, 2304120530, 2337824086, 2184350551, 2117336285, 2160150884, 2531115243, 2129866091, 2149397105, 2574786164, 2008816757}

92. {2779264291, 2638252423, 2581259307, 2781117779, 2160564404, 2138096021, 2706550936, 2684005468, 2127888478}

93. {2442907143, 2115486858, 2721036153, 2495674925, 2102926800, 2186266994, 2031593459, 2202891285, 2789810969, 2647779837}

94. {2037711269, 2156879238, 2973538352, 2164133112, 227040124}

95. {2072577296, 2162041713, 2585585268}

96. {2480910370, 2489614699, 2293169771, 2714004307, 2918552693, 2829808350, 2627034783}

97. {2040650144, 50744231}

98. {2205299394, 1986220454, 2097185579, 2573526326, 2102106780}

99. {1763392290, 2464999046, 2199128424, 2304503850, 433153394}

100. {86735488, 2558126850, 2893002638, 2689898126, 2627710481, 2100950939, 2013063707, 2066935069, 2240868638, 714796449, 2132305315, 1278523172, 2275260708, 2310679459, 1870396333, 2609873710, 2306654510, 2128316224, 2578923716, 2949511502, 156079059, 298026836, 2395605587, 2051192294, 2163773677, 2684911855, 2110343151, 2159195639, 2403031544, 2058839294, 2126474239}

101. {2466406786, 2660401916, 2118710022, 2223163528, 2488838541, 2786726163, 2091726612, 1413341717, 2516427284, 2329440787, 2691175576, 2886142616, 2168989598, 2214156830, 2158742305, 2060793642, 2160130092, 1042711982, 2555479342, 2751991343, 2109722673, 2205240244, 2627335607, 2046617783, 2286321591, 2548034748, 2158735678, 287281087, 2285877952, 2308373313, 2228032833, 2428876354, 2955016772, 2713917897, 1211277261, 2919990864, 2677608913, 2275126098, 2024204244, 2954405208, 2601604570, 2502334176, 105039074, 1989522020, 2119348836, 2713528171, 2662770028, 2228453109, 2037580534, 2253895289, 2656364282, 1989339516}

102. {2948254658, 2156326631, 1995864619, 2893272491, 2096728398, 2130201582, 2106340623, 1998030096, 2123989655, 2892204568, 2023677657, 2106300476, 2729511615}

103. {2345321989, 2663896967, 766434442, 2142433165, 2308529935, 79933206, 2492441248, 2135834786, 714204323, 2144729508, 2264155941, 2065219374, 431607854, 332457518, 164831666, 2304649141, 2266841784, 2005124421, 2276299591, 1992933715, 722648022, 2155766231, 2073823724, 299862512, 297812465}

104. {2095741505, 2465181857, 2681764515, 2015843272, 2266751337, 8703819, 2174481259, 9812142, 2944033391, 2610641871, 2225947635, 2075064254, 2257755514, 2169127675, 2106414590}

105. {2193177924, 2140420844, 2642244307, 2168901591, 2132325305, 41704956}

106. {2063264800, 2023985210, 2313269863, 1265961064, 2005450025, 2004747888, 2346021873, 125679893, 1248869110, 2045116346, 2520677979, 2209329084, 1854321498, 2109126942}

107. {2502909953, 2661839378, 2106456978, 2162124564, 2175518357, 2280770582, 2225799319, 2011792538, 2636184606, 2157559967, 1981947556, 2680852774, 1973489448, 2100674100, 1972627253, 2287563723, 2156487628, 2302918359, 2579151709, 2145882207, 2973576676, 2552287601, 1995219829, 2333842558}

108. {2062456677, 2170211251, 2688927990, 344361559, 2170267962, 2582528894}

109. {2143675012, 2165917828, 2344125319, 2091217673, 2056372750, 2111416850, 2131242899, 2889010835, 2900789139, 2035221654, 1828928408, 2901010079, 2084419647, 2493629382, 2901781705, 2238125770, 2686705237, 2632674006, 2164451553, 2161349601, 2324091364, 2777595496, 2696180600, 2119616764}

110. {2052227362, 2031001862, 2617577767, 2138924262, 2722706797, 678756399, 2551615280, 1921270260, 2031759644, 2098977241, 2089172156, 350595517, 319947231}

111. {2530882530, 2157251784, 2248063024, 2531782450, 220105050, 2175146587}

112. {1948192417, 2131582726, 1727059595, 2133697359, 2155063824, 2498255736, 2907544220}

113. {2305155066, 2303437990, 2328771527, 2592012967, 2700747816, 2223079850, 2132909836, 2985959886, 2132699034}

114. {2023355520, 2774366337, 2123197634, 2165187656, 233627914, 2006396464, 138917465, 2136215442, 2135554549, 2016482807, 2121521944, 275295449, 2121224507, 212959549}

115. {2303509891, 2105209095, 2152802313, 2508140554, 180337419, 1925464844, 2160906892, 2306034325, 250332319, 2133789345, 2940032417, 1420037158, 2226640935, 8260905, 2310734762, 2583306157, 2079380910, 2779568180, 2232106165, 2750051767, 2120054463, 2164926530, 2028751171, 2166342724, 2515185986, 2309353542, 2120029511, 2116471127, 153282649, 2130890975, 1991052005, 1962050022, 2171036777, 2749026539, 2011713265, 2102719346, 1930590706}

116. {2179014467, 2037390627, 2001793678}

117. {2023148129, 2055560386, 2066432837, 2956156294, 2113387240, 2001947336, 2707290540, 2127058864, 2038038644, 2157154837, 2942656023, 2779592504, 2636217180}

118. {2562534978, 2319919525, 2419996774, 2919209799, 2689050472, 2152823110, 2283364744, 2950916171, 2942818618, 2286954118, 2242008425, 2676520496, 2525533649, 2225165882, 2717155834, 2071185371, 2687844606, 2150008351}

119. {2038600710, 2409089577, 1974086637, 2157837903, 2749967983, 1929704915, 2749419925, 2097069942, 2749160182, 2040536889, 2558643326, 2947867070}

120. {2133777537, 2058768257, 2099983110, 2672651910, 2438501388, 2562962709, 2084915495, 2122652460, 2280434997, 1989970869, 2127240129, 2122098371, 264425796, 1893075398, 2974477898, 2047088973, 2229245902, 2488824783, 2307520724, 2720071893, 1545543771, 2296660320, 2305619944, 2032940651, 2691214956, 1987614956, 2684926443, 2009266289, 2136090227, 1971283192, 2305251579, 2030724860, 2035874943}

121. {2650137893, 2672452713, 2973813516, 2310307796, 2580765655}

122. {2285133442, 2569806212, 2112457637, 2274175908, 2138877898, 2595695404, 2081732562, 217982516, 2974498714, 2221646335}

123. {2652435524, 2025467783, 2224137928, 2221257390, 2974835550, 2478618453, 2648478166, 2963391032, 2937368921, 2475881150}

124. {2065666179, 2159837319, 2011582729, 2205954826, 264574609, 2206712854, 2950274073, 2293758362, 1988328990, 1980715552, 2032004513, 2409364519, 790397101, 2294700467, 2141704636, 2012995651, 66820806, 2038856556, 1770329841, 2112196210, 2029357687, 2638714621}

125. {2310472353, 1482764801, 1986182307, 2618048423, 2617491049, 2264409770, 341244075, 2473449644, 2170083117, 2024815660, 2681904496, 2113119120, 2106169299, 2009547221, 2190270039}

126. {2031420067, 2107052867, 2150363535, 1494656529, 2155561848, 2682114203, 2667777054}

127. {2024609538, 2663309187, 2799077001, 2098772888, 2780081819, 2251526302, 2151036063, 2174356259, 2114902187, 2141517613, 2136847405, 2212519475, 2236254776, 906481465, 2699506617, 2094461243, 2117526079, 2792514500, 2160937031, 2427581005, 2575343950, 2686610767, 2987218131, 2513843288, 2304124378, 2792728419, 1972854373, 2211634797, 2630137845, 2679360760, 2158070395}

128. {2099968256, 2163290753, 2132438148, 2430407430, 2241151633, 720605457, 2245609619, 2123983511, 2165517341, 2434640675, 2394554405, 2442550575, 2686066996, 63289654, 2311809335, 2143423161, 6745146, 2170124475, 2426685886, 2662218687, 2634546366, 1966534088, 2039497161, 2027078345, 2133919307, 2133291980, 2132997581, 2153902543, 2108016727, 2128556247, 2647790553, 2115443552, 2100965217, 2940706533, 2104732006, 2144354409, 2007440630, 2094416510}

129. {2111304482, 2115521091, 2104826469, 2135349640, 2316585833}

130. {2310658309, 2695325542, 2787964426, 2639774229, 2787949365, 2213274615, 2287317784, 2250851867}

131. {2322692580, 2422490149, 1926964809, 2674943498, 2313478506, 2066859519, 2104276403, 2419704087, 2632917337, 1995822555, 2671196124, 2282586783}

132. {2273666305, 381472134, 2656059912, 2704832139, 2155780753, 2644904722, 2310261920, 2228729005, 2300425517, 1972838191, 2148219056, 2128171186, 2986002999, 2308666812, 2674615488, 2498897987, 2663458502, 2068814407, 2650405963, 2051979853, 2644149837, 2697590221, 2140674128, 1995460569, 2113933152, 2116653153, 2640483297, 2491843173, 2105729640, 2109601132, 2715148653, 2686439790, 2105856750, 1999746547, 2484250870, 2670624375, 2037507447}

133. {2675983776, 2309906529, 192549793, 2809940382, 2697868004, 2136781891, 2786907238, 2108157351, 2163150924, 2780032045, 2241538287, 2551967728, 2181842417, 1857738260, 2103628724, 2592708406, 2679721787, 2090628413, 2806850558, 2692507199}

134. {1983354756, 2161839781, 2148379436, 2508149070, 2000097743, 1921226769}

135. {2098368580, 2030284013, 2681730129, 2643840401, 2121410227, 2694112660, 1605255509, 2104180888, 2099208187}

136. {2951684832, 2014508897, 2097712360, 2257605353, 1979157086, 2120966412, 2283461399, 2299619088, 257266261, 2310094485, 2134890551, 2280361054, 2100180954, 2307911005, 2618285502}

137. {2418003557, 1987688939, 1968576049, 2177880186, 2413271931, 2107034814}

138. {2683382722, 2110350791, 2631860010, 2293509517, 2248094556}

139. {2018885664, 2102509921, 2139144802, 2147093062, 181047401, 2057268876, 2227945389, 2581420782, 2155753680, 2256999665, 2181863921, 1984296406, 162172920}

140. {279762784, 2596020233, 2278948235, 2294251695, 2097307632, 2373792951, 2151873659, 2176100861}

141. {2095881826, 2169719651, 2136647844, 1979775269, 2693573603, 1957726339, 2621320823, 2308294634, 2163406924, 2116268014, 2497135280, 2111260373, 2677954166, 2466350167, 2103120632, 2222905817, 2238504730}

142. {2071243906, 2104136804, 2479162221, 2031650479, 1125327664, 2096944442, 2281197629}

143. {2124853440, 2884182306, 2144048996, 2898923852, 2152671532, 2004228948, 2116128023, 2780625688, 2096862781}

144. {1991937460, 2231822059, 2169784628, 2078185004}

145. {2302209888, 2320896417, 2428246275, 1974070726, 2129807054, 2102097649}

146. {2715022497, 1981505730, 1999519011, 2566293348, 2283832101, 2201592290, 2701697190, 2168813993, 2439092041, 2009777195, 2690968393, 2169729263, 2118531312, 2168007089, 2226783795, 2905279189, 2324859127, 2277714043, 1965883356, 2702857502}

147. {2229885312, 2628963648, 2893025026, 317049286, 2893602566, 2463210024, 2436899337, 2038281355, 2128276236, 2190450412, 2553348332, 2308647631, 2657748017, 2132110449, 2104737429, 2702564982, 2778258744, 2105720922}

148. {2153149697, 2166115554, 2169392701, 2659146789, 2110977836, 2966751825, 1326637748, 2701464349, 2329873215}

149. {2020905866, 339370955, 2475178125, 2045293040, 2805255830, 1542833815, 2145783928}

150. {2151252704, 583200194, 301158213, 2154571526, 2149975175, 2635368937, 2299879433, 2140382123, 1884517198, 2130229563, 2618484146, 267711167, 688217172, 2126481209, 2117240890, 2172723547, 2484148543}

151. {2160062434, 2138113123, 169793066, 1019376880, 2720947417, 2672677146, 2687194012}

152. {2108988928, 2746379540, 2146084631, 306541465, 2067434268, 2059048477, 2172926622, 2566401185, 2227928619, 2492361390, 1832168245, 2111551669, 2172680887, 2149014846, 872323521, 2606047813, 2116903878, 2958530117, 2618782919, 2086381393, 2294947922, 1984130259, 295710291, 2136874839, 2102383831, 2245561434, 2133891039, 2326572255, 2069590626, 2030988650, 2085650413, 2144743545}

153. {2105058880, 2508661792, 2085511003, 2465689599, 2171777892, 2153752568, 2809458136, 2117636937, 2150651722, 2810651818, 2517408234, 2259124973, 2152984464, 2128479218, 2144094675, 2164697747, 2142598136, 2273370456, 2308663323, 2125711099}

154. {2788292322, 2886561478, 2886238183, 2887583848, 11660523, 2049540843, 2139104990, 2950591948, 2171725520, 2179759473, 2559077202, 2247405685, 2492058197, 2803133945, 1273512923, 2054527326, 2133424351}

155. {2004239040, 2069082465, 1922431491, 2155459209, 2277649230, 2194248431, 2792751120, 2763127153, 2669179950, 274972177, 1977206969, 2286448827, 2736861629}

156. {2100918400, 1895620128, 2306276035, 2306679429, 2710807240, 729371725, 2126295343, 2156424598, 2149341496, 2761354460}

157. {2893262849, 2708249740, 2149303181, 2752321809, 2160137111, 85652889, 2894303003, 2494862242, 2303276836, 2296433447, 2097863980, 2504857275, 2163745084, 2892384449, 2147675855, 2148364499, 1943359322, 2055641058, 281239276, 2575292397, 2892664428, 2634863999}

158. {2801882144, 2910165379, 2409575688, 2972625609, 2311050954, 2149514797, 2775235949, 2683512592, 2109410961, 2556489938, 2799470002, 2893927153, 2149828499, 2427048662, 2122193271, 2910634614, 2625326714, 2776328285}

159. {2142836448, 1903937220, 2117848549, 1914562214, 1951256490, 301147724, 2637145679, 238771539, 2152814967, 1535187835, 2058345084}

160. {2711895146, 2113004460, 2058890541, 2166945934, 2507599725, 2144406733, 2156652529, 2516857306, 132129534}

161. {2660568168, 2524404606, 2116469587, 2277399630}

162. {2973674319}

163. {2705214785, 2263123842, 449481838, 2130315472, 2022937882, 2645480123, 1258027774}

164. {2018593757, 2761800519}

165. {2617541062, 1999507273, 2032577010, 2974079445, 2083086069, 2707717367, 2150171160, 1996560251, 2974254207}

166. {2131606817, 2720952485, 2109544392, 2152407369, 2893957489, 714335378, 2016228308, 2442020792, 2337398843, 2136177245}

167. {2017416002, 2110072997, 268746150, 2279508135, 2591399945, 258161899, 2116996332, 241157070, 262282382, 2165953393, 1089258844, 2169899387, 178677180, 2302787933}

168. {374969248, 2227996233, 2250612684, 266026993, 1685878900, 238500030}

169. {2123699459, 2275174282, 2261438737, 2209915284, 2287636504, 2151258658, 2469761828, 1251069865, 2077013292, 2141883181, 2005967157, 2718729912, 157725375, 2921421768, 2138188489, 1997866575, 1982430160, 2429698767, 2140303189, 2152382293, 2098731992, 2940682588, 2921288544, 2110740833, 2138408547, 60412772, 2965402605, 2123373809}

170. {352226626, 2201416322, 2101071428, 2664616650, 2635446777, 2147808238, 319353839, 2490986640, 2163506325, 2126884663, 237820921, 2036223355, 2304434974, 2159577279}

171. {2611967104, 2566002818, 2782052745, 2649737612, 2121312783, 2951230353, 2792399252, 2782439580, 2782417441, 2125198370, 2149832105, 2972141737, 2682419631, 2788228401, 2788228921, 2974249660, 2162153024, 2119466694, 351197510, 2125188813, 2491952720, 2641676373, 2715912924, 329596126, 2664036971, 2787930478, 2631552501, 2895298425, 2763322108}

172. {2652655906, 2129481319, 269473174, 202141208, 2527352729, 2114360319, 2022009503}

173. {2162694884, 2284197286, 2915371629, 2427384688, 2662743634, 2482227283, 2279245401, 2135883006}

174. {2112656704, 2105134945, 2213122850, 2922897795, 2558093358, 2669874158, 2700408404, 2098767124, 2502580703}

175. {66891910, 162301256, 2273707053, 2010321460, 2560438165, 46470299, 2949754910}

176. {2160572992, 2166250108, 2098147036, 2150539076, 2891799337, 2122668238, 837044334, 2511260496, 220518481, 2108499568, 2900455644, 2296653332, 2663206871, 273459580, 2900195353, 2111004954, 2149339036, 2095743197}

177. {1981885105, 1870660701, 2304045807}

178. {2147967105, 2136881921, 2674944536, 2309626859, 2475445484, 2009937300, 1812162901, 2171762680, 2557751228}

179. {2109986305, 2765279718, 2120698829, 2125845934, 2265975597, 2181335569, 2146993108, 2156620437, 2097850966, 2137414199, 2120168953, 2809388766, 2136853695}

180. {1939713825, 2142798498, 2030906467, 1992362373, 2984053351, 2481572872, 2153110991, 2049924856, 2176720506, 2619034813}

181. {2698141184, 102659459, 239561418, 1996472267, 2041782220, 2149857775, 2702708976, 2179227538, 2920516851, 2319428949, 293481366, 2634163992, 2580347257, 2690792380, 2339309791}

182. {2328971761, 2647273346, 2173395316, 2675225436}

183. {2570988788, 2070362317, 2118391966}

184. {2140864870, 2134084908, 2143589486, 2662897199, 2641328400, 2103353395}

185. {2714203866, 2434498684, 2637891166}

186. {2582637089, 2077743522, 2677534314, 2578617047, 2974172927}

187. {2119437921, 2135660706, 2686392676, 2023244421, 2236330009, 2630447773, 1966207230}

188. {424111616, 2717798851, 2003101607, 2087258503, 319528217}

189. {342412512, 138548067, 2141728260, 2112553836, 2152366099, 2062221429, 2114736535, 2096599961}

190. {2101444581, 286781772, 2117656881, 2158893243, 5739070, 2618995423}

191. {2163449569, 2283174404, 2196130548, 670686619, 2251733759}

192. {2973584264, 2131826169, 155617568, 2973425527}

193. {2589855297, 2606111747, 2646292361, 2657483819, 2656597229, 2703653458, 2591118835, 2796587413, 2305421375}

194. {2780341830, 2163744169, 682452844, 2094963630, 325346290, 1841792147, 2974801847, 197223292}

195. {2090509922, 18839523, 325318054, 1269859624, 254299743, 145057113, 263983259, 2185197020, 2165990781, 155105535}

196. {2151692289, 2142488964, 2150515398, 2102477322, 2050771214, 2107329871, 2100469712, 2710551862, 2232863768, 2140466813, 2793102783}

197. {2000463690, 2049957563}

198. {2098057600, 2132194253, 2893804399, 2558008852, 2658117023}

199. {1897793624, 2133648464, 2979049384}

200. {2131076322, 191170083, 2473479491, 216075398, 200915819, 2148166381, 113165838, 2079098163, 2192965622, 127393751, 2050734970, 254993851, 2645568668, 2692736637}

201. {2023969377, 2792221006, 112182388, 2337897689, 2666736958, 168646911}

202. {1970819201, 2324431845, 2136904998, 2084166440, 2065038379, 2236345101, 2104777293, 1978765615, 2100059474, 2134070390, 2160476222, 2161467902}

203. {2627882754, 2700928659, 2675164692, 2693799575, 2128152476, 2562435367, 2555318581, 2268141372, 2096074559, 211590471, 2144229065, 2667402442, 2500688090, 2643215195, 2145662684, 2694016348, 2667936224, 2703219301, 2963071471, 2721767672, 2112831999}

204. {2305990404, 2103692870, 2147223337, 2312536042, 2677026252, 155549070, 2717754544, 2470191313, 2723132018, 2105949077, 2124878713, 2132805466}

205. {2487059465, 2438945458, 2104686267, 2131100149}

206. {2137020096, 1602573411, 101882820, 2974914599, 2974281195, 2641430839, 2059289080, 197082266}

207. {2100760098, 2113046467, 2228833885, 2134585541, 2618842563, 1559593352, 2171627464, 2096272650, 2010693292, 2643867341, 2124193838, 2153710704, 1491583507, 2693097972, 2306929684, 2642781079, 2028971192, 2208329337, 2011591165, 2420106463}

208. {2118824320, 2423987850, 1457592458, 2566540556, 2291490702, 2279737492, 2642341017, 2714453663, 2398756519, 2114201258, 1737033259, 2294809260, 2167910322, 1188294580, 1949072181, 2028257078, 2807582653, 280681944, 2107256411, 2293406300, 1103060958, 2147612260, 1469666664, 2811085805, 2714056686, 203228789, 2032775676, 2291830013}

209. {2693015969, 2687144134, 2658124618, 2632327950, 2679206175}

210. {2343339330, 413788007, 2591362759}

211. {2111308781, 2275853904, 2051222482, 1138986804, 2054682710, 2307711420, 2308378844, 2145278333}

212. {23301680, 2303071527, 2747680830, 1742405143}

213. {2807184513, 2298784324, 2936482664, 2150663049, 2266924332, 2935808015, 2624789810, 2964679282, 2411627636, 2480376313}

214. {2294600100, 2101149317, 2276350630, 2753558535, 2415862792, 2017707978, 2026772490, 2752903244, 2750670413, 2160987662, 2658491662, 2311156855, 2752068602}

215. {1914572290, 2108034309, 2940849418, 2737853579, 2886671117, 2914796692, 2127391913, 2146467633, 2912921524, 2164740793, 2979082169, 2977903803, 2570740540, 2800790331, 2113074755, 2737545926, 2699894093, 2966496973, 2152436190, 2135676769, 2082873324, 2163173996, 2170182003}

216. {2577808616, 2964262410, 2149759587}

217. {2498046018, 2209861165, 2294877165, 2098669006}

218. {2314416001, 2096396845, 2990058743, 2123664985, 226507452, 2580033501}

219. {2627408070, 2161872104, 2112618891, 2144690190, 2666230928, 2225617332, 2119745525, 2903306996, 2442044855}

220. {104185088, 2123991549, 2801882786, 2114270180, 1966389669, 2130313124, 2023431847, 321793061, 717308580, 2084625098, 2165763661, 2148205043, 303634515, 2151754811, 2279439069, 11102111}

221. {1998852580, 738448407}

222. {2114268324, 2308477480, 2119176360, 2106240841, 2327037099, 2108253484, 2136819565, 2974224719, 1878186480, 2581184977, 2974869555, 872572308, 2143519061, 2928782454, 1984833978, 2029280831}

223. {2148321760, 2986399303, 2311766761, 2790179500, 2287750064, 2665324530, 2974214678}

224. {2142296452, 2156260998, 279595654, 2691640070, 2443126151, 2162657290, 2570232330, 2223205262, 527011736, 2582956959, 2139815839, 2180303268, 1965220773, 2673527464, 2965214897, 2562508798, 2143765190, 2171251411, 2098520663, 2141933658, 2611978724, 2435180401, 2715957362, 2331864562, 2505350522, 2122602622}

225. {2128184600, 2633569031, 2006929143, 325064459, 2506882829, 2284195277, 2156353501, 2717381137, 2281559154, 2282898098, 2108049364, 1611465430, 2105107478, 141154712, 2131374011, 2515244445}

226. {2127441797, 2167364747, 2974755151, 2712890102, 2974020311}

227. {2632805378, 2195368771, 2100214064, 2549950001, 2154013588, 2055567124, 1983184564, 1979872949, 2297860888, 2193345783, 2188154302}

228. {2500705932, 2885476237, 2428031120, 2103014545, 2183431077, 2483840936, 106874155, 2303627948, 2465945646, 2251186863, 2950494513, 2492838068, 2801498426, 2940832703, 2060853312, 2126614853, 2946997701, 2801960774, 2122981967, 2642494673, 2950417879, 2950861015, 2913906394, 2136736731, 2667142373, 2940708845, 2656044270, 2105687281}

229. {2135992416, 2096263457, 2697973632, 2640078333, 2137548837, 2125103526, 2157364893, 2550837765, 2974092020, 2810505565, 2685804447}

230. {2251307746, 2273091458, 2029322796, 2013117399}

231. {1984765312, 2154671366, 2100670729, 2700537885, 2700093727, 2672378400, 2648806061, 2627675057, 2792720690, 2576613687, 2798956354, 2634170829, 2122051151, 2363888210, 1980373212, 1149413597, 2677214312, 2690438638, 2546472559, 2120152433, 2137995390}

232. {2223900961, 2143138563, 2163593637, 2085132615, 1973971175, 2518954057, 2409939946, 2057538028, 1533518416, 2100949428, 2149619701, 2034448535, 2164864761, 2792108794, 1992060861, 2097399070, 690284991}

233. {2109260640, 2060614824, 48903818, 2090114845, 2112253118}

234. {1975178822, 246727910, 2745712167, 2025657580, 2310290126, 2573795327, 2162951420, 2155572319}

235. {2126431169, 2169695546, 2117227233, 2094728070}

236. {2107563044, 2422738724, 2231096655, 2127889744, 1869079728, 2115150068}

237. {2324897798, 2110625255, 2145214992, 2152966300, 198704597, 2601656789, 2507720246, 2063955674, 2759033180, 2275403261}

238. {1982556259, 2110420596, 2120349749, 2072510614, 2285167256, 2059675198, 2060503807}

239. {2276556579, 1062298447, 2973854712, 2311256570, 2810329820, 2140700639}

240. {2142501508, 2165066247, 2964416584, 2108231529, 2136642730, 2335797065, 2951033171, 1970656084, 2702213813, 2565644319}

241. {2428571269, 2633795720, 2664185679, 2974289232, 2689882230, 2150813751}

242. {2512431598, 2973557972, 2044487669, 2511363190, 2127657336, 2510402236}

243. {2172120578, 2295242535, 2157095084, 2132118157, 2168076172, 2082805072, 1965266424, 270055802}

244. {343956304, 1965957532, 2660831333, 2810255694}

245. {2029367840, 2674609539, 2142556246, 2581410713, 2641700349}

246. {247853890, 1480781228, 2246234318, 2182651800, 2124438966, 2101552792, 1994828250, 2103789662}

247. {2973162082, 2787443203, 2106668899, 2974504230, 2974429879, 2884037976, 2149034397}

248. {2156726337, 2150154469, 2102216805, 2120727437, 2141870096, 2432556661, 2116717946, 2146064283, 2304786526}

249. {2000813521, 2133890258, 2118252332, 2147402630}

250. {309815489, 2469633963, 2102670764, 1927212989, 301113936, 2019978099, 2170579254, 1954225788, 2264078109, 2400552575}

251. {2315820217, 2443579806, 2653444709, 2304100315, 2678762718, 2547792287, 2910963048, 2692877514, 2548774604, 2131491696, 86847030, 2316341302, 2633246553, 1242581913, 2660306998, 2515579771, 2797625337, 2137101246, 2619447935}

252. {2627629378, 2168527748, 2747035527, 2512773614, 2114532591, 2954378127, 2619396113, 2792392561, 2227416660, 2232661716, 2098651478, 2507218580, 2142858875}

253. {2973837953, 2664051331, 2654508361, 1697699370, 2158160529, 2974600563, 2116618969, 2082329882, 2048375804, 2079339197, 2937627102}

254. {2787248033, 2948330660, 2161655046, 2990873832, 2947558665, 2943285609, 78481487, 2552411254, 2124068762}

255. {2695194662, 186776775, 1892887339, 2650965198, 2305091956, 2016751895, 2152534265, 245160988}

256. {2557894793, 2687971386, 2103567690, 2130840293}

257. {2578350212, 1937838343, 2123216905, 2296542955, 304394511, 2516531922, 2584985367, 2074051837}

258. {2112090519, 2121317443, 2481424484, 2477199588, 2169260327, 1421747786, 2652937227, 2299468271, 2554943796, 1140831031, 2398151225, 2308815770, 1900532795, 727759358}

259. {2168200548, 2159848645, 80956856, 1270423079, 1378872837, 2103013350, 1115859211, 1979796846, 326026811, 2494619697, 389943480, 2285546873, 2720562651, 2297469246}

260. {2310943488, 2710864646, 2129492807, 105551366, 2940891849, 2163475530, 2940766925, 2940687314, 2285818195, 2941824659, 2714519449, 2610517247}

261. {301702145, 2107507490, 2307348354, 2648413701, 2307810573, 2151466935, 2281925978, 2603945532, 285706879}

262. {1916243170, 2144902746, 2697319918, 2627389519}

263. {2029092513, 2130840098, 2469461059, 2101335365, 2891531464, 111786442, 2524737868, 158469900, 700908058}

264. {2304666760, 2597585353, 2168725771, 2532751598, 2164425935, 2564026647, 2152531353, 2713950430, 2194609310, 2170573919}

265. {2579973920, 2167451811, 2990572775, 1980806153, 193513333, 305390518, 2808990167, 2148875546, 2206787933, 2990042495}

266. {2784794432, 1613100353, 2108129449, 2276370189, 2080031344, 2119818873, 90760922, 2079465372}

267. {2554328461, 2278610706, 2469909555, 2195097333, 2789848542}

268. {2166597216, 1982051687, 2294027368, 2662813898, 2511439116, 2124597453, 2122405168, 2517992819, 2055067413}

269. {2717320610, 2019402600, 2118078281, 2890276146, 2641338998, 2708951095, 2155853947, 2127179134}

270. {2236139682, 2224011234, 2794078084, 2127562409, 2099142219, 2169248172, 2134510862, 2148681360, 2126000466, 2694607347, 2747462520, 2790478585, 2702722524}

271. {2609004928, 2007383746, 2224591077, 2791260074, 2617347282, 2797946549, 2131891224, 2106880345, 2108695420}

272. {2206743878, 2948018662, 2142969897, 2027870957, 1984519118, 2120947790, 2227255700, 2692346772, 2106206166, 2215740056, 2947046107, 2947718012}

273. {2171544993, 320030408, 2760496905, 2105107880, 67046315, 2308415883, 2436591210, 2170165422, 2032555279, 2225198574, 2007304721, 2758433938, 2758327221, 2748871678, 2150527511, 1482611513, 2968703994, 2038601627, 1990863773, 2303258718}

274. {2766880385, 2099226113, 2941906049, 2942333189, 2802963078, 2154296839, 2076945546, 2292540048, 2706634769, 2152568082, 2162842903, 2108928151, 2704401562, 2422369819, 2766192925, 2664709023, 2153159844, 2637457061, 2916286764, 2805624108, 2805697076, 2768551604, 2096095416, 2160322232, 2120281274, 2068405051, 2799555772, 2722810680, 2170066754, 1991228354, 2289308872, 2102686409, 2466710729, 2910805963, 2711167951, 2942466256, 2663061329, 2970673114, 2569055838, 2223533022, 2145283039, 2148573281, 2656046049, 2769735929, 2060396903, 2131637096, 2587431914, 2673828586, 2550913388, 2040351856, 2312077945, 2888868476, 2022869117}

275. {278134592, 2755015012, 1832649158, 2190891814, 2311607210, 2618150861, 2227450733, 68675087, 2718828526, 2242033716, 2002075381, 2372578746, 2603537723, 2658412221, 2675495295}

276. {2396856520, 31414297, 2156319113, 2150452848}

277. {1979503682, 2130441415, 2147556907, 2030473740, 2525770006, 2916340156, 2112029341}

278. {294903043, 2246435077, 2087936519, 2405256467, 2156020123, 2974497060, 2953756455, 2952374443, 2134214444, 2284620333, 2046376243, 259249205, 2672907576, 2497410875, 2680954171, 2593081920, 2896174784, 2421083334, 2625004358, 2102780747, 2427455828, 2105392474, 2640244187, 2287926884, 309463795}

279. {2586454914, 2978693378, 399963275, 2156251421, 2104960674, 2773353381, 2768484779, 2658127790, 2978312238, 2123824185, 2128540225, 2934575814, 2130822983, 2136959692, 2168831951, 2110317904, 2769957328, 2113779796, 2167646420, 2974013785, 2585915234, 2686763243, 2138882797, 2549147255, 2919069945, 2588225402}

280. {2081673732, 2133529865, 269194154, 2512298121, 2162696429, 2259494449, 156032093, 2633958133, 191477179, 2045632445, 2588813759}

281. {2288990880, 2115508531, 2974748709}

282. {2198658024, 1973766605, 2102671565, 2432831632, 1970248729, 281976954, 2151553307, 2100043038}

283. {2058724259, 2140137868, 2578980116, 2815217814, 2316150073, 2768030683, 2622826974, 2610453663}

284. {2146677765, 2125940684, 2140996654, 2110614808, 2056162298, 2156184893}

285. {258572996, 1788768390, 2894661194, 2122162828, 2894549901, 2148286161, 260754163, 2894976852, 2037749237, 2894991543, 264202680, 2240045087}

286. {640907747, 2764326275, 1937312645, 1914926697, 2763033097, 2790394633, 2558653614, 2761656399, 2647042543, 2940162033, 2154166576, 2286854676, 2702991030, 2118029367, 2791317526, 2783859002, 2939700766, 2185447423}

287. {2152732641, 2286285771, 2004594924, 2303814829, 2313365427, 2170902746}

288. {2896090563, 2651201509, 2227253382, 2897034568, 2735295401, 2708898760, 2089626294, 2467427483}

289. {2005868707, 2972008810, 200258093, 2102562383, 2111311450}

290. {2433654465, 2481591045, 2229326187, 2141064722, 2805807800}

291. {2058931238, 2119269743, 2156332979, 2102022038, 2013341242, 2624127038}

292. {2107976642, 2264914315, 2465433453}

293. {2810114809, 1982848548, 2171103829}

294. {279698177, 2892098466, 2166310275, 2891902860, 2129309438, 2783921819, 1809785598}

295. {2100090592, 2949576417, 2569969932, 2114496749, 2495021746, 1634684}

296. {2918672930, 2163470342, 2887285769, 2885110025, 2977769646, 2141729011, 2609137751, 2617328699, 2886336636}

297. {2303604322, 2002497763, 2753158947, 2123313229, 2085767126, 805083807}

298. {2739782798, 2734084501, 2794958359, 2791776281, 2580145952, 2133446560, 2987543334, 2152323375, 2957948338, 2140119475, 2231536835, 2893251019, 2163341010, 2793298517, 2513076318, 2271592800, 2102435168, 2977657570, 2576992368, 2712594162, 2988298359, 2684090238}

299. {2227816677, 2895863185, 2585930547, 2582579319, 2713561559, 2752904989}

300. {2100189698, 2346379172, 2896833072, 2351091860, 2670361917}

301. {2897272202, 2898592138, 2902919051, 2922133005, 2105822349, 2029126799, 2161121169, 2234631057, 2107697430, 2779679902, 2883867808, 2897622561, 2800975776, 2896678308, 2898141097, 2957560367, 2890766642, 1956454323, 2896650034, 2940194742, 2914944440, 2309289913, 2117805374, 2631378879, 2128428736, 2961536707, 2205377860, 2893684037, 2766152134, 2954270151, 2937911881, 2225213003, 2901017934, 2734419195, 2897925717, 2890838871, 2040563418, 2903560410, 2901750237, 2422160478, 2959908581, 2902847464, 2897368170, 2886601834, 2912108525, 2990541296, 2898527474, 2902789112, 2103242361, 2901535483, 2923930879}

302. {2752943136, 2765196193, 2766220129, 2790146883, 2765631944, 921610, 2549050126, 2100470318, 1638885456, 2310152914, 2076310390, 2794263254, 2092064984, 2584046426, 2108819515, 2929772830}

303. {2805031426, 2519136583, 2294987178, 2098246764, 2305085776, 1962421779, 2156114109}

304. {2481568009, 2911287159}

305. {2941862750, 2798536940, 2500381942, 2940932455}

306. {2514435522, 1966960678, 2136229164, 2940910413, 2096859791, 2437223122, 2141324794, 1987257438}

307. {2156631368, 2887340717, 2523044269, 1603925373}

308. {2797364416, 2889242051, 2037997893, 2715322022, 2720404552, 2752127055, 2513667440, 2584927919, 2512568695, 2751745338, 2751303230}

309. {2039258081, 2288574632, 2105864238, 2396756433, 2510025783}

310. {2494946885, 2794524550, 2985782225, 2984097781, 2893810396}

311. {2897769472, 2896816801, 2296103144, 2897772780, 2783488272, 2896359059, 2622954871, 2140572632, 2013854107}

312. {2161219483, 2664226142, 2669009783}

313. {2126841667, 2081156236, 2949387301, 2267944212}

314. {2056711688, 2493410446, 2107932047, 2107541040, 2022981231, 2146104345, 2233943452}

