
PCC-1:
Largest clique size:2
Cliques:
[(2,), (17,), (16,), (15,), (14,), (13,), (12,), (11,), (10,), (9,), (8,), (7,), (6,), (5,), (4,), (3,), (0,), (1,), (1, 2)]


PCC-2:
Largest clique size:5
Cliques:
[(48,), (35,), (28,), (44,), (15,), (56,), (53,), (52,), (45,), (32,), (24,), (23,), (21,), (19,), (18,), (16,), (9,), (8,), (7,), (0,), (54,), (15, 54), (28, 54), (48, 54), (25,), (25, 35), (49,), (48, 49), (43,), (43, 44), (33,), (33, 44), (20,), (20, 44), (1,), (1, 48), (59,), (15, 59), (47,), (15, 47), (31,), (31, 48), (5,), (5, 15), (4,), (4, 15), (22,), (22, 48), (6,), (6, 48), (3,), (3, 48), (14,), (14, 25), (14, 25, 35), (14, 35), (61,), (54, 61), (28, 54, 61), (28, 61), (40,), (40, 54), (28, 40, 54), (28, 40), (39,), (39, 54), (28, 39, 54), (28, 39), (42,), (31, 42), (31, 42, 48), (42, 54), (42, 48, 54), (42, 48), (34,), (34, 49), (34, 48, 49), (34, 48), (58,), (20, 58), (20, 44, 58), (33, 58), (33, 44, 58), (43, 58), (43, 44, 58), (44, 58), (57,), (49, 57), (48, 49, 57), (48, 57), (41,), (20, 41), (20, 41, 44), (33, 41), (33, 41, 44), (41, 43), (41, 43, 44), (41, 44), (27,), (20, 27), (20, 27, 44), (27, 33), (27, 33, 44), (27, 43), (27, 43, 44), (27, 44), (11,), (11, 20), (11, 20, 44), (11, 33), (11, 33, 44), (11, 43), (11, 43, 44), (11, 44), (10,), (10, 14), (10, 14, 25), (10, 14, 25, 35), (10, 14, 35), (10, 25), (10, 25, 35), (10, 35), (13,), (13, 42), (13, 42, 54), (13, 42, 48, 54), (13, 42, 48), (13, 54), (13, 48, 54), (13, 48), (60,), (34, 60), (34, 49, 60), (34, 48, 49, 60), (34, 48, 60), (1, 60), (1, 48, 60), (49, 60), (48, 49, 60), (48, 60), (36,), (36, 39), (36, 39, 54), (28, 36, 39, 54), (28, 36, 39), (36, 40), (36, 40, 54), (28, 36, 40, 54), (28, 36, 40), (36, 61), (36, 54, 61), (28, 36, 54, 61), (28, 36, 61), (36, 54), (28, 36, 54), (28, 36), (30,), (30, 34), (30, 34, 48), (30, 39), (30, 39, 54), (28, 30, 39, 54), (28, 30, 39), (30, 40), (30, 40, 54), (28, 30, 40, 54), (28, 30, 40), (30, 61), (30, 54, 61), (28, 30, 54, 61), (28, 30, 61), (4, 30), (4, 15, 30), (5, 30), (5, 15, 30), (30, 47), (15, 30, 47), (30, 59), (15, 30, 59), (1, 30), (1, 30, 48), (30, 54), (15, 30, 54), (28, 30, 54), (30, 48, 54), (15, 30), (28, 30), (30, 48), (29,), (29, 39), (29, 39, 54), (28, 29, 39, 54), (28, 29, 39), (29, 40), (29, 40, 54), (28, 29, 40, 54), (28, 29, 40), (29, 61), (29, 54, 61), (28, 29, 54, 61), (28, 29, 61), (29, 54), (28, 29, 54), (28, 29), (12,), (12, 39), (12, 39, 54), (12, 28, 39, 54), (12, 28, 39), (12, 40), (12, 40, 54), (12, 28, 40, 54), (12, 28, 40), (12, 61), (12, 54, 61), (12, 28, 54, 61), (12, 28, 61), (12, 54), (12, 28, 54), (12, 48, 54), (12, 28), (12, 48), (2,), (2, 34), (2, 34, 48), (1, 2), (1, 2, 48), (2, 48), (55,), (10, 55), (10, 14, 55), (10, 14, 25, 55), (10, 14, 25, 35, 55), (10, 14, 35, 55), (10, 25, 55), (10, 25, 35, 55), (10, 35, 55), (14, 55), (14, 25, 55), (14, 25, 35, 55), (14, 35, 55), (49, 55), (48, 49, 55), (25, 55), (25, 35, 55), (35, 55), (48, 55), (51,), (10, 51), (10, 14, 51), (10, 14, 25, 51), (10, 14, 25, 35, 51), (10, 14, 35, 51), (10, 25, 51), (10, 25, 35, 51), (10, 35, 51), (14, 51), (14, 25, 51), (14, 25, 35, 51), (14, 35, 51), (25, 51), (25, 35, 51), (35, 51), (50,), (13, 50), (13, 42, 50), (13, 42, 50, 54), (13, 42, 48, 50, 54), (13, 42, 48, 50), (13, 50, 54), (13, 48, 50, 54), (13, 48, 50), (42, 50), (42, 50, 54), (42, 48, 50, 54), (42, 48, 50), (50, 54), (48, 50, 54), (48, 50), (46,), (13, 46), (13, 42, 46), (13, 42, 46, 54), (13, 42, 46, 48, 54), (13, 42, 46, 48), (13, 46, 54), (13, 46, 48, 54), (13, 46, 48), (42, 46), (42, 46, 54), (42, 46, 48, 54), (42, 46, 48), (46, 54), (46, 48, 54), (46, 48), (38,), (10, 38), (10, 14, 38), (10, 14, 25, 38), (10, 14, 25, 35, 38), (10, 14, 35, 38), (10, 25, 38), (10, 25, 35, 38), (10, 35, 38), (14, 38), (14, 25, 38), (14, 25, 35, 38), (14, 35, 38), (25, 38), (25, 35, 38), (35, 38), (37,), (10, 37), (10, 14, 37), (10, 14, 25, 37), (10, 14, 25, 35, 37), (10, 14, 35, 37), (10, 25, 37), (10, 25, 35, 37), (10, 35, 37), (14, 37), (14, 25, 37), (14, 25, 35, 37), (14, 35, 37), (25, 37), (25, 35, 37), (35, 37), (26,), (10, 26), (10, 14, 26), (10, 14, 25, 26), (10, 14, 25, 26, 35), (10, 14, 26, 35), (10, 25, 26), (10, 25, 26, 35), (10, 26, 35), (14, 26), (14, 25, 26), (14, 25, 26, 35), (14, 26, 35), (25, 26), (25, 26, 35), (26, 35), (17,), (10, 17), (10, 14, 17), (10, 14, 17, 25), (10, 14, 17, 25, 35), (10, 14, 17, 35), (10, 17, 25), (10, 17, 25, 35), (10, 17, 35), (14, 17), (14, 17, 25), (14, 17, 25, 35), (14, 17, 35), (17, 25), (17, 25, 35), (17, 35)]


PCC-3:
Largest clique size:5
Cliques:
[(14,), (23,), (48,), (47,), (46,), (45,), (44,), (42,), (41,), (40,), (39,), (38,), (37,), (36,), (35,), (33,), (32,), (31,), (30,), (29,), (28,), (22,), (20,), (19,), (18,), (17,), (16,), (15,), (13,), (12,), (11,), (10,), (9,), (8,), (6,), (5,), (2,), (0,), (43,), (14, 43), (24,), (23, 24), (14, 24), (27,), (27, 43), (14, 27, 43), (14, 27), (26,), (24, 26), (14, 24, 26), (14, 26), (3,), (3, 24), (3, 23, 24), (3, 23), (1,), (1, 27), (1, 27, 43), (1, 14, 27, 43), (1, 14, 27), (1, 43), (1, 14, 43), (1, 14), (25,), (25, 26), (24, 25, 26), (14, 24, 25, 26), (14, 25, 26), (24, 25), (14, 24, 25), (14, 25), (34,), (1, 34), (1, 27, 34), (1, 27, 34, 43), (1, 14, 27, 34, 43), (1, 14, 27, 34), (1, 34, 43), (1, 14, 34, 43), (1, 14, 34), (27, 34), (27, 34, 43), (14, 27, 34, 43), (14, 27, 34), (34, 43), (14, 34, 43), (14, 34), (21,), (1, 21), (1, 21, 27), (1, 21, 27, 43), (1, 14, 21, 27, 43), (1, 14, 21, 27), (1, 21, 43), (1, 14, 21, 43), (1, 14, 21), (21, 27), (21, 27, 43), (14, 21, 27, 43), (14, 21, 27), (21, 43), (14, 21, 43), (14, 21), (7,), (1, 7), (1, 7, 27), (1, 7, 27, 43), (1, 7, 14, 27, 43), (1, 7, 14, 27), (1, 7, 43), (1, 7, 14, 43), (1, 7, 14), (7, 27), (7, 27, 43), (7, 14, 27, 43), (7, 14, 27), (7, 43), (7, 14, 43), (7, 14), (4,), (1, 4), (1, 4, 27), (1, 4, 27, 43), (1, 4, 14, 27, 43), (1, 4, 14, 27), (1, 4, 43), (1, 4, 14, 43), (1, 4, 14), (4, 27), (4, 27, 43), (4, 14, 27, 43), (4, 14, 27), (4, 43), (4, 14, 43), (4, 14)]


PCC-4:
Largest clique size:1
Cliques:
[(0,)]


PCC-5:
Largest clique size:0
Cliques:
[]


PCC-6:
Largest clique size:6
Cliques:
[(8,), (34,), (37,), (36,), (33,), (29,), (28,), (25,), (24,), (23,), (21,), (20,), (16,), (15,), (14,), (11,), (10,), (7,), (5,), (4,), (2,), (1,), (0,), (31,), (8, 31), (13,), (8, 13), (32,), (8, 32), (19,), (8, 19), (35,), (31, 35), (8, 31, 35), (8, 35), (26,), (13, 26), (8, 13, 26), (26, 31), (8, 26, 31), (26, 34), (8, 26), (30,), (13, 30), (30, 34), (22,), (19, 22), (8, 19, 22), (22, 32), (8, 22, 32), (8, 22), (3,), (3, 19), (3, 8, 19), (3, 32), (3, 8, 32), (3, 8), (12,), (12, 35), (12, 31, 35), (8, 12, 31, 35), (8, 12, 35), (12, 31), (8, 12, 31), (8, 12), (6,), (6, 35), (6, 31, 35), (6, 8, 31, 35), (6, 8, 35), (6, 31), (6, 8, 31), (6, 8), (38,), (6, 38), (6, 35, 38), (6, 31, 35, 38), (6, 8, 31, 35, 38), (6, 8, 35, 38), (6, 31, 38), (6, 8, 31, 38), (6, 8, 38), (12, 38), (12, 35, 38), (12, 31, 35, 38), (8, 12, 31, 35, 38), (8, 12, 35, 38), (12, 31, 38), (8, 12, 31, 38), (8, 12, 38), (26, 38), (13, 26, 38), (8, 13, 26, 38), (26, 31, 38), (8, 26, 31, 38), (8, 26, 38), (35, 38), (31, 35, 38), (8, 31, 35, 38), (8, 35, 38), (13, 38), (8, 13, 38), (31, 38), (8, 31, 38), (8, 38), (18,), (6, 18), (6, 18, 35), (6, 18, 31, 35), (6, 8, 18, 31, 35), (6, 8, 18, 35), (6, 18, 31), (6, 8, 18, 31), (6, 8, 18), (12, 18), (12, 18, 35), (12, 18, 31, 35), (8, 12, 18, 31, 35), (8, 12, 18, 35), (12, 18, 31), (8, 12, 18, 31), (8, 12, 18), (18, 35), (18, 31, 35), (8, 18, 31, 35), (8, 18, 35), (18, 31), (8, 18, 31), (8, 18), (17,), (6, 17), (6, 17, 35), (6, 17, 31, 35), (6, 8, 17, 31, 35), (6, 8, 17, 35), (6, 17, 31), (6, 8, 17, 31), (6, 8, 17), (12, 17), (12, 17, 35), (12, 17, 31, 35), (8, 12, 17, 31, 35), (8, 12, 17, 35), (12, 17, 31), (8, 12, 17, 31), (8, 12, 17), (17, 35), (17, 31, 35), (8, 17, 31, 35), (8, 17, 35), (17, 31), (8, 17, 31), (8, 17), (9,), (6, 9), (6, 9, 35), (6, 9, 31, 35), (6, 8, 9, 31, 35), (6, 8, 9, 35), (6, 9, 31), (6, 8, 9, 31), (6, 8, 9), (9, 12), (9, 12, 35), (9, 12, 31, 35), (8, 9, 12, 31, 35), (8, 9, 12, 35), (9, 12, 31), (8, 9, 12, 31), (8, 9, 12), (9, 35), (9, 31, 35), (8, 9, 31, 35), (8, 9, 35), (9, 31), (8, 9, 31), (8, 9), (27,), (27, 38), (6, 27, 38), (6, 27, 35, 38), (6, 27, 31, 35, 38), (6, 8, 27, 31, 35, 38), (6, 8, 27, 35, 38), (6, 27, 31, 38), (6, 8, 27, 31, 38), (6, 8, 27, 38), (12, 27, 38), (12, 27, 35, 38), (12, 27, 31, 35, 38), (8, 12, 27, 31, 35, 38), (8, 12, 27, 35, 38), (12, 27, 31, 38), (8, 12, 27, 31, 38), (8, 12, 27, 38), (26, 27, 38), (26, 27, 31, 38), (8, 26, 27, 31, 38), (8, 26, 27, 38), (27, 35, 38), (27, 31, 35, 38), (8, 27, 31, 35, 38), (8, 27, 35, 38), (27, 31, 38), (8, 27, 31, 38), (8, 27, 38), (6, 27), (6, 27, 35), (6, 27, 31, 35), (6, 8, 27, 31, 35), (6, 8, 27, 35), (6, 27, 31), (6, 8, 27, 31), (6, 8, 27), (12, 27), (12, 27, 35), (12, 27, 31, 35), (8, 12, 27, 31, 35), (8, 12, 27, 35), (12, 27, 31), (8, 12, 27, 31), (8, 12, 27), (26, 27), (26, 27, 31), (8, 26, 27, 31), (8, 26, 27), (27, 35), (27, 31, 35), (8, 27, 31, 35), (8, 27, 35), (27, 31), (8, 27, 31), (8, 27)]


PCC-7:
Largest clique size:5
Cliques:
[(34,), (40,), (39,), (25,), (12,), (3,), (11,), (46,), (44,), (43,), (38,), (30,), (27,), (23,), (20,), (19,), (9,), (10,), (10, 34), (13,), (3, 13), (12, 13), (13, 25), (13, 39), (13, 40), (13, 34), (49,), (34, 49), (41,), (34, 41), (31,), (31, 34), (14,), (14, 34), (1,), (1, 11), (35,), (10, 35), (10, 34, 35), (34, 35), (18,), (10, 18), (10, 18, 34), (18, 34), (33,), (13, 33), (3, 13, 33), (12, 13, 33), (13, 25, 33), (13, 33, 39), (13, 33, 40), (13, 33, 34), (3, 33), (12, 33), (25, 33), (33, 39), (33, 40), (33, 34), (24,), (13, 24), (3, 13, 24), (12, 13, 24), (13, 24, 25), (13, 24, 39), (13, 24, 40), (13, 24, 34), (3, 24), (12, 24), (24, 25), (24, 39), (24, 40), (24, 34), (0,), (0, 13), (0, 3, 13), (0, 12, 13), (0, 13, 25), (0, 13, 39), (0, 13, 40), (0, 13, 34), (0, 3), (0, 12), (0, 25), (0, 39), (0, 40), (0, 34), (37,), (1, 37), (1, 11, 37), (11, 37), (28,), (1, 28), (1, 11, 28), (11, 28), (8,), (1, 8), (1, 8, 11), (8, 11), (32,), (0, 32), (0, 13, 32), (0, 3, 13, 32), (0, 12, 13, 32), (0, 13, 25, 32), (0, 13, 32, 39), (0, 13, 32, 40), (0, 13, 32, 34), (0, 3, 32), (0, 12, 32), (0, 25, 32), (0, 32, 39), (0, 32, 40), (0, 32, 34), (24, 32), (13, 24, 32), (3, 13, 24, 32), (12, 13, 24, 32), (13, 24, 25, 32), (13, 24, 32, 39), (13, 24, 32, 40), (13, 24, 32, 34), (3, 24, 32), (12, 24, 32), (24, 25, 32), (24, 32, 39), (24, 32, 40), (24, 32, 34), (32, 33), (13, 32, 33), (3, 13, 32, 33), (12, 13, 32, 33), (13, 25, 32, 33), (13, 32, 33, 39), (13, 32, 33, 40), (13, 32, 33, 34), (3, 32, 33), (12, 32, 33), (25, 32, 33), (32, 33, 39), (32, 33, 40), (32, 33, 34), (18, 32), (10, 18, 32), (10, 18, 32, 34), (18, 32, 34), (32, 35), (10, 32, 35), (10, 32, 34, 35), (32, 34, 35), (13, 32), (3, 13, 32), (12, 13, 32), (13, 25, 32), (13, 32, 39), (13, 32, 40), (13, 32, 34), (10, 32), (10, 32, 34), (3, 32), (12, 32), (25, 32), (32, 39), (32, 40), (32, 34), (42,), (18, 42), (10, 18, 42), (10, 18, 34, 42), (18, 34, 42), (35, 42), (10, 35, 42), (10, 34, 35, 42), (34, 35, 42), (10, 42), (10, 34, 42), (34, 42), (29,), (18, 29), (10, 18, 29), (10, 18, 29, 34), (18, 29, 34), (29, 35), (10, 29, 35), (10, 29, 34, 35), (29, 34, 35), (10, 29), (10, 29, 34), (29, 34), (26,), (18, 26), (10, 18, 26), (10, 18, 26, 34), (18, 26, 34), (26, 35), (10, 26, 35), (10, 26, 34, 35), (26, 34, 35), (10, 26), (10, 26, 34), (26, 34), (22,), (18, 22), (10, 18, 22), (10, 18, 22, 34), (18, 22, 34), (22, 35), (10, 22, 35), (10, 22, 34, 35), (22, 34, 35), (10, 22), (10, 22, 34), (22, 34), (7,), (7, 18), (7, 10, 18), (7, 10, 18, 34), (7, 18, 34), (7, 35), (7, 10, 35), (7, 10, 34, 35), (7, 34, 35), (7, 10), (7, 10, 34), (7, 34), (6,), (6, 18), (6, 10, 18), (6, 10, 18, 34), (6, 18, 34), (6, 35), (6, 10, 35), (6, 10, 34, 35), (6, 34, 35), (6, 10), (6, 10, 34), (6, 34), (5,), (5, 18), (5, 10, 18), (5, 10, 18, 34), (5, 18, 34), (5, 35), (5, 10, 35), (5, 10, 34, 35), (5, 34, 35), (5, 10), (5, 10, 34), (5, 34), (4,), (4, 18), (4, 10, 18), (4, 10, 18, 34), (4, 18, 34), (4, 35), (4, 10, 35), (4, 10, 34, 35), (4, 34, 35), (4, 10), (4, 10, 34), (4, 34), (48,), (32, 48), (0, 32, 48), (0, 13, 32, 48), (0, 13, 32, 34, 48), (0, 32, 34, 48), (24, 32, 48), (13, 24, 32, 48), (13, 24, 32, 34, 48), (24, 32, 34, 48), (32, 33, 48), (13, 32, 33, 48), (13, 32, 33, 34, 48), (32, 33, 34, 48), (18, 32, 48), (10, 18, 32, 48), (10, 18, 32, 34, 48), (18, 32, 34, 48), (32, 35, 48), (10, 32, 35, 48), (10, 32, 34, 35, 48), (32, 34, 35, 48), (13, 32, 48), (13, 32, 34, 48), (10, 32, 48), (10, 32, 34, 48), (32, 34, 48), (0, 48), (0, 13, 48), (0, 13, 34, 48), (0, 34, 48), (24, 48), (13, 24, 48), (13, 24, 34, 48), (24, 34, 48), (33, 48), (13, 33, 48), (13, 33, 34, 48), (33, 34, 48), (18, 48), (10, 18, 48), (10, 18, 34, 48), (18, 34, 48), (35, 48), (10, 35, 48), (10, 34, 35, 48), (34, 35, 48), (14, 48), (14, 34, 48), (31, 48), (31, 34, 48), (41, 48), (34, 41, 48), (48, 49), (34, 48, 49), (13, 48), (13, 34, 48), (10, 48), (10, 34, 48), (34, 48), (47,), (32, 47), (0, 32, 47), (0, 13, 32, 47), (0, 13, 32, 34, 47), (0, 32, 34, 47), (24, 32, 47), (13, 24, 32, 47), (13, 24, 32, 34, 47), (24, 32, 34, 47), (32, 33, 47), (13, 32, 33, 47), (13, 32, 33, 34, 47), (32, 33, 34, 47), (18, 32, 47), (10, 18, 32, 47), (10, 18, 32, 34, 47), (18, 32, 34, 47), (32, 35, 47), (10, 32, 35, 47), (10, 32, 34, 35, 47), (32, 34, 35, 47), (13, 32, 47), (13, 32, 34, 47), (10, 32, 47), (10, 32, 34, 47), (32, 34, 47), (0, 47), (0, 13, 47), (0, 13, 34, 47), (0, 34, 47), (24, 47), (13, 24, 47), (13, 24, 34, 47), (24, 34, 47), (33, 47), (13, 33, 47), (13, 33, 34, 47), (33, 34, 47), (18, 47), (10, 18, 47), (10, 18, 34, 47), (18, 34, 47), (35, 47), (10, 35, 47), (10, 34, 35, 47), (34, 35, 47), (13, 47), (13, 34, 47), (10, 47), (10, 34, 47), (34, 47), (45,), (32, 45), (0, 32, 45), (0, 13, 32, 45), (0, 13, 32, 34, 45), (0, 32, 34, 45), (24, 32, 45), (13, 24, 32, 45), (13, 24, 32, 34, 45), (24, 32, 34, 45), (32, 33, 45), (13, 32, 33, 45), (13, 32, 33, 34, 45), (32, 33, 34, 45), (18, 32, 45), (10, 18, 32, 45), (10, 18, 32, 34, 45), (18, 32, 34, 45), (32, 35, 45), (10, 32, 35, 45), (10, 32, 34, 35, 45), (32, 34, 35, 45), (13, 32, 45), (13, 32, 34, 45), (10, 32, 45), (10, 32, 34, 45), (32, 34, 45), (0, 45), (0, 13, 45), (0, 13, 34, 45), (0, 34, 45), (24, 45), (13, 24, 45), (13, 24, 34, 45), (24, 34, 45), (33, 45), (13, 33, 45), (13, 33, 34, 45), (33, 34, 45), (18, 45), (10, 18, 45), (10, 18, 34, 45), (18, 34, 45), (35, 45), (10, 35, 45), (10, 34, 35, 45), (34, 35, 45), (14, 45), (14, 34, 45), (31, 45), (31, 34, 45), (41, 45), (34, 41, 45), (45, 49), (34, 45, 49), (13, 45), (13, 34, 45), (10, 45), (10, 34, 45), (34, 45), (36,), (32, 36), (0, 32, 36), (0, 13, 32, 36), (0, 13, 32, 34, 36), (0, 32, 34, 36), (24, 32, 36), (13, 24, 32, 36), (13, 24, 32, 34, 36), (24, 32, 34, 36), (32, 33, 36), (13, 32, 33, 36), (13, 32, 33, 34, 36), (32, 33, 34, 36), (18, 32, 36), (10, 18, 32, 36), (10, 18, 32, 34, 36), (18, 32, 34, 36), (32, 35, 36), (10, 32, 35, 36), (10, 32, 34, 35, 36), (32, 34, 35, 36), (13, 32, 36), (13, 32, 34, 36), (10, 32, 36), (10, 32, 34, 36), (32, 34, 36), (0, 36), (0, 13, 36), (0, 13, 34, 36), (0, 34, 36), (24, 36), (13, 24, 36), (13, 24, 34, 36), (24, 34, 36), (33, 36), (13, 33, 36), (13, 33, 34, 36), (33, 34, 36), (18, 36), (10, 18, 36), (10, 18, 34, 36), (18, 34, 36), (35, 36), (10, 35, 36), (10, 34, 35, 36), (34, 35, 36), (14, 36), (14, 34, 36), (31, 36), (31, 34, 36), (36, 41), (34, 36, 41), (36, 49), (34, 36, 49), (13, 36), (13, 34, 36), (10, 36), (10, 34, 36), (34, 36), (21,), (21, 32), (0, 21, 32), (0, 13, 21, 32), (0, 13, 21, 32, 34), (0, 21, 32, 34), (21, 24, 32), (13, 21, 24, 32), (13, 21, 24, 32, 34), (21, 24, 32, 34), (21, 32, 33), (13, 21, 32, 33), (13, 21, 32, 33, 34), (21, 32, 33, 34), (18, 21, 32), (10, 18, 21, 32), (10, 18, 21, 32, 34), (18, 21, 32, 34), (21, 32, 35), (10, 21, 32, 35), (10, 21, 32, 34, 35), (21, 32, 34, 35), (13, 21, 32), (13, 21, 32, 34), (10, 21, 32), (10, 21, 32, 34), (21, 32, 34), (0, 21), (0, 13, 21), (0, 13, 21, 34), (0, 21, 34), (21, 24), (13, 21, 24), (13, 21, 24, 34), (21, 24, 34), (21, 33), (13, 21, 33), (13, 21, 33, 34), (21, 33, 34), (18, 21), (10, 18, 21), (10, 18, 21, 34), (18, 21, 34), (21, 35), (10, 21, 35), (10, 21, 34, 35), (21, 34, 35), (14, 21), (14, 21, 34), (21, 31), (21, 31, 34), (21, 41), (21, 34, 41), (21, 49), (21, 34, 49), (13, 21), (13, 21, 34), (10, 21), (10, 21, 34), (21, 34), (17,), (17, 32), (0, 17, 32), (0, 13, 17, 32), (0, 13, 17, 32, 34), (0, 17, 32, 34), (17, 24, 32), (13, 17, 24, 32), (13, 17, 24, 32, 34), (17, 24, 32, 34), (17, 32, 33), (13, 17, 32, 33), (13, 17, 32, 33, 34), (17, 32, 33, 34), (17, 18, 32), (10, 17, 18, 32), (10, 17, 18, 32, 34), (17, 18, 32, 34), (17, 32, 35), (10, 17, 32, 35), (10, 17, 32, 34, 35), (17, 32, 34, 35), (13, 17, 32), (13, 17, 32, 34), (10, 17, 32), (10, 17, 32, 34), (17, 32, 34), (0, 17), (0, 13, 17), (0, 13, 17, 34), (0, 17, 34), (17, 24), (13, 17, 24), (13, 17, 24, 34), (17, 24, 34), (17, 33), (13, 17, 33), (13, 17, 33, 34), (17, 33, 34), (17, 18), (10, 17, 18), (10, 17, 18, 34), (17, 18, 34), (17, 35), (10, 17, 35), (10, 17, 34, 35), (17, 34, 35), (14, 17), (14, 17, 34), (17, 31), (17, 31, 34), (17, 41), (17, 34, 41), (17, 49), (17, 34, 49), (13, 17), (13, 17, 34), (10, 17), (10, 17, 34), (17, 34), (16,), (16, 32), (0, 16, 32), (0, 13, 16, 32), (0, 13, 16, 32, 34), (0, 16, 32, 34), (16, 24, 32), (13, 16, 24, 32), (13, 16, 24, 32, 34), (16, 24, 32, 34), (16, 32, 33), (13, 16, 32, 33), (13, 16, 32, 33, 34), (16, 32, 33, 34), (16, 18, 32), (10, 16, 18, 32), (10, 16, 18, 32, 34), (16, 18, 32, 34), (16, 32, 35), (10, 16, 32, 35), (10, 16, 32, 34, 35), (16, 32, 34, 35), (13, 16, 32), (13, 16, 32, 34), (10, 16, 32), (10, 16, 32, 34), (16, 32, 34), (0, 16), (0, 13, 16), (0, 13, 16, 34), (0, 16, 34), (16, 24), (13, 16, 24), (13, 16, 24, 34), (16, 24, 34), (16, 33), (13, 16, 33), (13, 16, 33, 34), (16, 33, 34), (16, 18), (10, 16, 18), (10, 16, 18, 34), (16, 18, 34), (16, 35), (10, 16, 35), (10, 16, 34, 35), (16, 34, 35), (14, 16), (14, 16, 34), (16, 31), (16, 31, 34), (16, 41), (16, 34, 41), (16, 49), (16, 34, 49), (13, 16), (13, 16, 34), (10, 16), (10, 16, 34), (16, 34), (15,), (15, 32), (0, 15, 32), (0, 13, 15, 32), (0, 13, 15, 32, 34), (0, 15, 32, 34), (15, 24, 32), (13, 15, 24, 32), (13, 15, 24, 32, 34), (15, 24, 32, 34), (15, 32, 33), (13, 15, 32, 33), (13, 15, 32, 33, 34), (15, 32, 33, 34), (15, 18, 32), (10, 15, 18, 32), (10, 15, 18, 32, 34), (15, 18, 32, 34), (15, 32, 35), (10, 15, 32, 35), (10, 15, 32, 34, 35), (15, 32, 34, 35), (13, 15, 32), (13, 15, 32, 34), (10, 15, 32), (10, 15, 32, 34), (15, 32, 34), (0, 15), (0, 13, 15), (0, 13, 15, 34), (0, 15, 34), (15, 24), (13, 15, 24), (13, 15, 24, 34), (15, 24, 34), (15, 33), (13, 15, 33), (13, 15, 33, 34), (15, 33, 34), (15, 18), (10, 15, 18), (10, 15, 18, 34), (15, 18, 34), (15, 35), (10, 15, 35), (10, 15, 34, 35), (15, 34, 35), (13, 15), (13, 15, 34), (10, 15), (10, 15, 34), (15, 34), (2,), (2, 32), (0, 2, 32), (0, 2, 13, 32), (0, 2, 13, 32, 34), (0, 2, 32, 34), (2, 24, 32), (2, 13, 24, 32), (2, 13, 24, 32, 34), (2, 24, 32, 34), (2, 32, 33), (2, 13, 32, 33), (2, 13, 32, 33, 34), (2, 32, 33, 34), (2, 18, 32), (2, 10, 18, 32), (2, 10, 18, 32, 34), (2, 18, 32, 34), (2, 32, 35), (2, 10, 32, 35), (2, 10, 32, 34, 35), (2, 32, 34, 35), (2, 13, 32), (2, 13, 32, 34), (2, 10, 32), (2, 10, 32, 34), (2, 32, 34), (0, 2), (0, 2, 13), (0, 2, 13, 34), (0, 2, 34), (2, 24), (2, 13, 24), (2, 13, 24, 34), (2, 24, 34), (2, 33), (2, 13, 33), (2, 13, 33, 34), (2, 33, 34), (2, 18), (2, 10, 18), (2, 10, 18, 34), (2, 18, 34), (2, 35), (2, 10, 35), (2, 10, 34, 35), (2, 34, 35), (2, 14), (2, 14, 34), (2, 31), (2, 31, 34), (2, 41), (2, 34, 41), (2, 49), (2, 34, 49), (2, 13), (2, 13, 34), (2, 10), (2, 10, 34), (2, 34)]


PCC-8:
Largest clique size:1
Cliques:
[(3,), (2,), (1,), (0,)]


PCC-9:
Largest clique size:1
Cliques:
[(7,), (6,), (5,), (4,), (3,), (2,), (1,), (0,)]


PCC-10:
Largest clique size:3
Cliques:
[(2,), (21,), (20,), (18,), (17,), (13,), (11,), (10,), (9,), (7,), (5,), (4,), (3,), (12,), (2, 12), (1,), (1, 2), (0,), (0, 2), (19,), (0, 19), (0, 2, 19), (1, 19), (1, 2, 19), (12, 19), (2, 12, 19), (2, 19), (16,), (0, 16), (0, 2, 16), (1, 16), (1, 2, 16), (12, 16), (2, 12, 16), (2, 16), (15,), (0, 15), (0, 2, 15), (1, 15), (1, 2, 15), (12, 15), (2, 12, 15), (2, 15), (14,), (0, 14), (0, 2, 14), (1, 14), (1, 2, 14), (12, 14), (2, 12, 14), (2, 14), (8,), (0, 8), (0, 2, 8), (1, 8), (1, 2, 8), (8, 12), (2, 8, 12), (2, 8), (6,), (0, 6), (0, 2, 6), (1, 6), (1, 2, 6), (6, 12), (2, 6, 12), (2, 6)]


PCC-11:
Largest clique size:4
Cliques:
[(4,), (2,), (2, 4), (1,), (1, 2), (1, 2, 4), (1, 4), (5,), (1, 5), (1, 2, 5), (1, 2, 4, 5), (1, 4, 5), (2, 5), (2, 4, 5), (4, 5), (3,), (1, 3), (1, 2, 3), (1, 2, 3, 4), (1, 3, 4), (2, 3), (2, 3, 4), (3, 4), (0,), (0, 1), (0, 1, 2), (0, 1, 2, 4), (0, 1, 4), (0, 2), (0, 2, 4), (0, 4)]


PCC-12:
Largest clique size:7
Cliques:
[(0,), (62,), (36,), (47,), (29,), (26,), (5,), (7,), (18,), (64,), (63,), (59,), (58,), (55,), (53,), (52,), (45,), (42,), (40,), (39,), (38,), (35,), (28,), (27,), (25,), (23,), (22,), (19,), (15,), (14,), (11,), (8,), (6,), (4,), (2,), (32,), (7, 32), (32, 62), (0, 32), (17,), (5, 17), (17, 26), (17, 29), (17, 47), (17, 36), (0, 17), (24,), (7, 24), (24, 62), (61,), (61, 62), (50,), (50, 62), (46,), (46, 62), (21,), (21, 62), (3,), (3, 62), (60,), (32, 60), (0, 32, 60), (0, 60), (34,), (17, 34), (17, 34, 36), (18, 34), (34, 36), (33,), (17, 33), (17, 33, 36), (18, 33), (33, 36), (9,), (9, 17), (9, 17, 36), (9, 18), (9, 36), (44,), (24, 44), (7, 24, 44), (24, 44, 62), (32, 44), (7, 32, 44), (32, 44, 62), (7, 44), (44, 62), (56,), (56, 60), (32, 56, 60), (0, 32, 56, 60), (0, 56, 60), (32, 56), (0, 32, 56), (0, 56), (66,), (9, 66), (9, 17, 66), (9, 17, 36, 66), (9, 36, 66), (33, 66), (17, 33, 66), (17, 33, 36, 66), (33, 36, 66), (34, 66), (17, 34, 66), (17, 34, 36, 66), (34, 36, 66), (17, 66), (5, 17, 66), (17, 26, 66), (17, 29, 66), (17, 47, 66), (17, 36, 66), (0, 17, 66), (5, 66), (26, 66), (29, 66), (47, 66), (36, 66), (0, 66), (51,), (9, 51), (9, 17, 51), (9, 17, 36, 51), (9, 36, 51), (33, 51), (17, 33, 51), (17, 33, 36, 51), (33, 36, 51), (34, 51), (17, 34, 51), (17, 34, 36, 51), (34, 36, 51), (17, 51), (5, 17, 51), (17, 26, 51), (17, 29, 51), (17, 47, 51), (17, 36, 51), (0, 17, 51), (5, 51), (26, 51), (29, 51), (47, 51), (36, 51), (0, 51), (31,), (9, 31), (9, 17, 31), (9, 17, 31, 36), (9, 31, 36), (31, 33), (17, 31, 33), (17, 31, 33, 36), (31, 33, 36), (31, 34), (17, 31, 34), (17, 31, 34, 36), (31, 34, 36), (17, 31), (5, 17, 31), (17, 26, 31), (17, 29, 31), (17, 31, 47), (17, 31, 36), (0, 17, 31), (5, 31), (26, 31), (29, 31), (31, 47), (31, 36), (0, 31), (30,), (30, 44), (24, 30, 44), (24, 30, 44, 62), (30, 32, 44), (30, 32, 44, 62), (30, 44, 62), (3, 30), (3, 30, 62), (21, 30), (21, 30, 62), (30, 46), (30, 46, 62), (30, 50), (30, 50, 62), (30, 61), (30, 61, 62), (24, 30), (24, 30, 62), (30, 32), (30, 32, 62), (30, 62), (16,), (9, 16), (9, 16, 17), (9, 16, 17, 36), (9, 16, 36), (16, 33), (16, 17, 33), (16, 17, 33, 36), (16, 33, 36), (16, 34), (16, 17, 34), (16, 17, 34, 36), (16, 34, 36), (16, 17), (5, 16, 17), (16, 17, 26), (16, 17, 29), (16, 17, 47), (16, 17, 36), (0, 16, 17), (5, 16), (16, 26), (16, 29), (16, 47), (16, 36), (0, 16), (65,), (56, 65), (56, 60, 65), (32, 56, 60, 65), (0, 32, 56, 60, 65), (0, 56, 60, 65), (32, 56, 65), (0, 32, 56, 65), (0, 56, 65), (44, 65), (24, 44, 65), (32, 44, 65), (60, 65), (32, 60, 65), (0, 32, 60, 65), (0, 60, 65), (24, 65), (32, 65), (0, 32, 65), (0, 65), (54,), (54, 56), (54, 56, 60), (32, 54, 56, 60), (0, 32, 54, 56, 60), (0, 54, 56, 60), (32, 54, 56), (0, 32, 54, 56), (0, 54, 56), (54, 60), (32, 54, 60), (0, 32, 54, 60), (0, 54, 60), (32, 54), (0, 32, 54), (0, 54), (41,), (41, 56), (41, 56, 60), (32, 41, 56, 60), (0, 32, 41, 56, 60), (0, 41, 56, 60), (32, 41, 56), (0, 32, 41, 56), (0, 41, 56), (41, 60), (32, 41, 60), (0, 32, 41, 60), (0, 41, 60), (32, 41), (0, 32, 41), (0, 41), (20,), (20, 56), (20, 56, 60), (20, 32, 56, 60), (0, 20, 32, 56, 60), (0, 20, 56, 60), (20, 32, 56), (0, 20, 32, 56), (0, 20, 56), (20, 60), (20, 32, 60), (0, 20, 32, 60), (0, 20, 60), (20, 32), (0, 20, 32), (0, 20), (13,), (13, 56), (13, 56, 60), (13, 32, 56, 60), (0, 13, 32, 56, 60), (0, 13, 56, 60), (13, 32, 56), (0, 13, 32, 56), (0, 13, 56), (13, 60), (13, 32, 60), (0, 13, 32, 60), (0, 13, 60), (13, 32), (0, 13, 32), (0, 13), (12,), (12, 65), (12, 56, 65), (12, 56, 60, 65), (12, 32, 56, 60, 65), (0, 12, 32, 56, 60, 65), (0, 12, 56, 60, 65), (12, 32, 56, 65), (0, 12, 32, 56, 65), (0, 12, 56, 65), (12, 44, 65), (12, 24, 44, 65), (12, 32, 44, 65), (12, 60, 65), (12, 32, 60, 65), (0, 12, 32, 60, 65), (0, 12, 60, 65), (12, 24, 65), (12, 32, 65), (0, 12, 32, 65), (0, 12, 65), (12, 56), (12, 56, 60), (12, 32, 56, 60), (0, 12, 32, 56, 60), (0, 12, 56, 60), (12, 32, 56), (0, 12, 32, 56), (0, 12, 56), (12, 44), (12, 24, 44), (7, 12, 24, 44), (12, 32, 44), (7, 12, 32, 44), (7, 12, 44), (12, 60), (12, 32, 60), (0, 12, 32, 60), (0, 12, 60), (12, 24), (7, 12, 24), (12, 32), (7, 12, 32), (0, 12, 32), (7, 12), (0, 12), (57,), (12, 57), (12, 57, 65), (12, 56, 57, 65), (12, 56, 57, 60, 65), (12, 32, 56, 57, 60, 65), (0, 12, 32, 56, 57, 60, 65), (0, 12, 56, 57, 60, 65), (12, 32, 56, 57, 65), (0, 12, 32, 56, 57, 65), (0, 12, 56, 57, 65), (12, 57, 60, 65), (12, 32, 57, 60, 65), (0, 12, 32, 57, 60, 65), (0, 12, 57, 60, 65), (12, 32, 57, 65), (0, 12, 32, 57, 65), (0, 12, 57, 65), (12, 56, 57), (12, 56, 57, 60), (12, 32, 56, 57, 60), (0, 12, 32, 56, 57, 60), (0, 12, 56, 57, 60), (12, 32, 56, 57), (0, 12, 32, 56, 57), (0, 12, 56, 57), (12, 57, 60), (12, 32, 57, 60), (0, 12, 32, 57, 60), (0, 12, 57, 60), (12, 32, 57), (0, 12, 32, 57), (0, 12, 57), (13, 57), (13, 56, 57), (13, 56, 57, 60), (13, 32, 56, 57, 60), (0, 13, 32, 56, 57, 60), (0, 13, 56, 57, 60), (13, 32, 56, 57), (0, 13, 32, 56, 57), (0, 13, 56, 57), (13, 57, 60), (13, 32, 57, 60), (0, 13, 32, 57, 60), (0, 13, 57, 60), (13, 32, 57), (0, 13, 32, 57), (0, 13, 57), (20, 57), (20, 56, 57), (20, 56, 57, 60), (20, 32, 56, 57, 60), (0, 20, 32, 56, 57, 60), (0, 20, 56, 57, 60), (20, 32, 56, 57), (0, 20, 32, 56, 57), (0, 20, 56, 57), (20, 57, 60), (20, 32, 57, 60), (0, 20, 32, 57, 60), (0, 20, 57, 60), (20, 32, 57), (0, 20, 32, 57), (0, 20, 57), (41, 57), (41, 56, 57), (41, 56, 57, 60), (32, 41, 56, 57, 60), (0, 32, 41, 56, 57, 60), (0, 41, 56, 57, 60), (32, 41, 56, 57), (0, 32, 41, 56, 57), (0, 41, 56, 57), (41, 57, 60), (32, 41, 57, 60), (0, 32, 41, 57, 60), (0, 41, 57, 60), (32, 41, 57), (0, 32, 41, 57), (0, 41, 57), (54, 57), (54, 56, 57), (54, 56, 57, 60), (32, 54, 56, 57, 60), (0, 32, 54, 56, 57, 60), (0, 54, 56, 57, 60), (32, 54, 56, 57), (0, 32, 54, 56, 57), (0, 54, 56, 57), (54, 57, 60), (32, 54, 57, 60), (0, 32, 54, 57, 60), (0, 54, 57, 60), (32, 54, 57), (0, 32, 54, 57), (0, 54, 57), (57, 65), (56, 57, 65), (56, 57, 60, 65), (32, 56, 57, 60, 65), (0, 32, 56, 57, 60, 65), (0, 56, 57, 60, 65), (32, 56, 57, 65), (0, 32, 56, 57, 65), (0, 56, 57, 65), (57, 60, 65), (32, 57, 60, 65), (0, 32, 57, 60, 65), (0, 57, 60, 65), (32, 57, 65), (0, 32, 57, 65), (0, 57, 65), (56, 57), (56, 57, 60), (32, 56, 57, 60), (0, 32, 56, 57, 60), (0, 56, 57, 60), (32, 56, 57), (0, 32, 56, 57), (0, 56, 57), (57, 60), (32, 57, 60), (0, 32, 57, 60), (0, 57, 60), (32, 57), (0, 32, 57), (0, 57), (49,), (12, 49), (12, 49, 65), (12, 49, 56, 65), (12, 49, 56, 60, 65), (12, 32, 49, 56, 60, 65), (0, 12, 32, 49, 56, 60, 65), (0, 12, 49, 56, 60, 65), (12, 32, 49, 56, 65), (0, 12, 32, 49, 56, 65), (0, 12, 49, 56, 65), (12, 49, 60, 65), (12, 32, 49, 60, 65), (0, 12, 32, 49, 60, 65), (0, 12, 49, 60, 65), (12, 32, 49, 65), (0, 12, 32, 49, 65), (0, 12, 49, 65), (12, 49, 56), (12, 49, 56, 60), (12, 32, 49, 56, 60), (0, 12, 32, 49, 56, 60), (0, 12, 49, 56, 60), (12, 32, 49, 56), (0, 12, 32, 49, 56), (0, 12, 49, 56), (12, 49, 60), (12, 32, 49, 60), (0, 12, 32, 49, 60), (0, 12, 49, 60), (12, 32, 49), (0, 12, 32, 49), (0, 12, 49), (13, 49), (13, 49, 56), (13, 49, 56, 60), (13, 32, 49, 56, 60), (0, 13, 32, 49, 56, 60), (0, 13, 49, 56, 60), (13, 32, 49, 56), (0, 13, 32, 49, 56), (0, 13, 49, 56), (13, 49, 60), (13, 32, 49, 60), (0, 13, 32, 49, 60), (0, 13, 49, 60), (13, 32, 49), (0, 13, 32, 49), (0, 13, 49), (20, 49), (20, 49, 56), (20, 49, 56, 60), (20, 32, 49, 56, 60), (0, 20, 32, 49, 56, 60), (0, 20, 49, 56, 60), (20, 32, 49, 56), (0, 20, 32, 49, 56), (0, 20, 49, 56), (20, 49, 60), (20, 32, 49, 60), (0, 20, 32, 49, 60), (0, 20, 49, 60), (20, 32, 49), (0, 20, 32, 49), (0, 20, 49), (41, 49), (41, 49, 56), (41, 49, 56, 60), (32, 41, 49, 56, 60), (0, 32, 41, 49, 56, 60), (0, 41, 49, 56, 60), (32, 41, 49, 56), (0, 32, 41, 49, 56), (0, 41, 49, 56), (41, 49, 60), (32, 41, 49, 60), (0, 32, 41, 49, 60), (0, 41, 49, 60), (32, 41, 49), (0, 32, 41, 49), (0, 41, 49), (49, 54), (49, 54, 56), (49, 54, 56, 60), (32, 49, 54, 56, 60), (0, 32, 49, 54, 56, 60), (0, 49, 54, 56, 60), (32, 49, 54, 56), (0, 32, 49, 54, 56), (0, 49, 54, 56), (49, 54, 60), (32, 49, 54, 60), (0, 32, 49, 54, 60), (0, 49, 54, 60), (32, 49, 54), (0, 32, 49, 54), (0, 49, 54), (49, 65), (49, 56, 65), (49, 56, 60, 65), (32, 49, 56, 60, 65), (0, 32, 49, 56, 60, 65), (0, 49, 56, 60, 65), (32, 49, 56, 65), (0, 32, 49, 56, 65), (0, 49, 56, 65), (49, 60, 65), (32, 49, 60, 65), (0, 32, 49, 60, 65), (0, 49, 60, 65), (32, 49, 65), (0, 32, 49, 65), (0, 49, 65), (49, 56), (49, 56, 60), (32, 49, 56, 60), (0, 32, 49, 56, 60), (0, 49, 56, 60), (32, 49, 56), (0, 32, 49, 56), (0, 49, 56), (9, 49), (9, 17, 49), (9, 17, 36, 49), (9, 36, 49), (33, 49), (17, 33, 49), (17, 33, 36, 49), (33, 36, 49), (34, 49), (17, 34, 49), (17, 34, 36, 49), (34, 36, 49), (49, 60), (32, 49, 60), (0, 32, 49, 60), (0, 49, 60), (17, 49), (5, 17, 49), (17, 26, 49), (17, 29, 49), (17, 47, 49), (17, 36, 49), (0, 17, 49), (32, 49), (0, 32, 49), (5, 49), (26, 49), (29, 49), (47, 49), (36, 49), (0, 49), (48,), (12, 48), (12, 48, 65), (12, 48, 56, 65), (12, 48, 56, 60, 65), (12, 32, 48, 56, 60, 65), (0, 12, 32, 48, 56, 60, 65), (0, 12, 48, 56, 60, 65), (12, 32, 48, 56, 65), (0, 12, 32, 48, 56, 65), (0, 12, 48, 56, 65), (12, 48, 60, 65), (12, 32, 48, 60, 65), (0, 12, 32, 48, 60, 65), (0, 12, 48, 60, 65), (12, 32, 48, 65), (0, 12, 32, 48, 65), (0, 12, 48, 65), (12, 48, 56), (12, 48, 56, 60), (12, 32, 48, 56, 60), (0, 12, 32, 48, 56, 60), (0, 12, 48, 56, 60), (12, 32, 48, 56), (0, 12, 32, 48, 56), (0, 12, 48, 56), (12, 48, 60), (12, 32, 48, 60), (0, 12, 32, 48, 60), (0, 12, 48, 60), (12, 32, 48), (0, 12, 32, 48), (0, 12, 48), (13, 48), (13, 48, 56), (13, 48, 56, 60), (13, 32, 48, 56, 60), (0, 13, 32, 48, 56, 60), (0, 13, 48, 56, 60), (13, 32, 48, 56), (0, 13, 32, 48, 56), (0, 13, 48, 56), (13, 48, 60), (13, 32, 48, 60), (0, 13, 32, 48, 60), (0, 13, 48, 60), (13, 32, 48), (0, 13, 32, 48), (0, 13, 48), (20, 48), (20, 48, 56), (20, 48, 56, 60), (20, 32, 48, 56, 60), (0, 20, 32, 48, 56, 60), (0, 20, 48, 56, 60), (20, 32, 48, 56), (0, 20, 32, 48, 56), (0, 20, 48, 56), (20, 48, 60), (20, 32, 48, 60), (0, 20, 32, 48, 60), (0, 20, 48, 60), (20, 32, 48), (0, 20, 32, 48), (0, 20, 48), (41, 48), (41, 48, 56), (41, 48, 56, 60), (32, 41, 48, 56, 60), (0, 32, 41, 48, 56, 60), (0, 41, 48, 56, 60), (32, 41, 48, 56), (0, 32, 41, 48, 56), (0, 41, 48, 56), (41, 48, 60), (32, 41, 48, 60), (0, 32, 41, 48, 60), (0, 41, 48, 60), (32, 41, 48), (0, 32, 41, 48), (0, 41, 48), (48, 54), (48, 54, 56), (48, 54, 56, 60), (32, 48, 54, 56, 60), (0, 32, 48, 54, 56, 60), (0, 48, 54, 56, 60), (32, 48, 54, 56), (0, 32, 48, 54, 56), (0, 48, 54, 56), (48, 54, 60), (32, 48, 54, 60), (0, 32, 48, 54, 60), (0, 48, 54, 60), (32, 48, 54), (0, 32, 48, 54), (0, 48, 54), (48, 65), (48, 56, 65), (48, 56, 60, 65), (32, 48, 56, 60, 65), (0, 32, 48, 56, 60, 65), (0, 48, 56, 60, 65), (32, 48, 56, 65), (0, 32, 48, 56, 65), (0, 48, 56, 65), (48, 60, 65), (32, 48, 60, 65), (0, 32, 48, 60, 65), (0, 48, 60, 65), (32, 48, 65), (0, 32, 48, 65), (0, 48, 65), (48, 56), (48, 56, 60), (32, 48, 56, 60), (0, 32, 48, 56, 60), (0, 48, 56, 60), (32, 48, 56), (0, 32, 48, 56), (0, 48, 56), (48, 60), (32, 48, 60), (0, 32, 48, 60), (0, 48, 60), (32, 48), (0, 32, 48), (0, 48), (43,), (12, 43), (12, 43, 65), (12, 43, 56, 65), (12, 43, 56, 60, 65), (12, 32, 43, 56, 60, 65), (0, 12, 32, 43, 56, 60, 65), (0, 12, 43, 56, 60, 65), (12, 32, 43, 56, 65), (0, 12, 32, 43, 56, 65), (0, 12, 43, 56, 65), (12, 43, 60, 65), (12, 32, 43, 60, 65), (0, 12, 32, 43, 60, 65), (0, 12, 43, 60, 65), (12, 32, 43, 65), (0, 12, 32, 43, 65), (0, 12, 43, 65), (12, 43, 56), (12, 43, 56, 60), (12, 32, 43, 56, 60), (0, 12, 32, 43, 56, 60), (0, 12, 43, 56, 60), (12, 32, 43, 56), (0, 12, 32, 43, 56), (0, 12, 43, 56), (12, 43, 60), (12, 32, 43, 60), (0, 12, 32, 43, 60), (0, 12, 43, 60), (12, 32, 43), (0, 12, 32, 43), (0, 12, 43), (13, 43), (13, 43, 56), (13, 43, 56, 60), (13, 32, 43, 56, 60), (0, 13, 32, 43, 56, 60), (0, 13, 43, 56, 60), (13, 32, 43, 56), (0, 13, 32, 43, 56), (0, 13, 43, 56), (13, 43, 60), (13, 32, 43, 60), (0, 13, 32, 43, 60), (0, 13, 43, 60), (13, 32, 43), (0, 13, 32, 43), (0, 13, 43), (20, 43), (20, 43, 56), (20, 43, 56, 60), (20, 32, 43, 56, 60), (0, 20, 32, 43, 56, 60), (0, 20, 43, 56, 60), (20, 32, 43, 56), (0, 20, 32, 43, 56), (0, 20, 43, 56), (20, 43, 60), (20, 32, 43, 60), (0, 20, 32, 43, 60), (0, 20, 43, 60), (20, 32, 43), (0, 20, 32, 43), (0, 20, 43), (41, 43), (41, 43, 56), (41, 43, 56, 60), (32, 41, 43, 56, 60), (0, 32, 41, 43, 56, 60), (0, 41, 43, 56, 60), (32, 41, 43, 56), (0, 32, 41, 43, 56), (0, 41, 43, 56), (41, 43, 60), (32, 41, 43, 60), (0, 32, 41, 43, 60), (0, 41, 43, 60), (32, 41, 43), (0, 32, 41, 43), (0, 41, 43), (43, 54), (43, 54, 56), (43, 54, 56, 60), (32, 43, 54, 56, 60), (0, 32, 43, 54, 56, 60), (0, 43, 54, 56, 60), (32, 43, 54, 56), (0, 32, 43, 54, 56), (0, 43, 54, 56), (43, 54, 60), (32, 43, 54, 60), (0, 32, 43, 54, 60), (0, 43, 54, 60), (32, 43, 54), (0, 32, 43, 54), (0, 43, 54), (43, 65), (43, 56, 65), (43, 56, 60, 65), (32, 43, 56, 60, 65), (0, 32, 43, 56, 60, 65), (0, 43, 56, 60, 65), (32, 43, 56, 65), (0, 32, 43, 56, 65), (0, 43, 56, 65), (43, 60, 65), (32, 43, 60, 65), (0, 32, 43, 60, 65), (0, 43, 60, 65), (32, 43, 65), (0, 32, 43, 65), (0, 43, 65), (43, 56), (43, 56, 60), (32, 43, 56, 60), (0, 32, 43, 56, 60), (0, 43, 56, 60), (32, 43, 56), (0, 32, 43, 56), (0, 43, 56), (43, 60), (32, 43, 60), (0, 32, 43, 60), (0, 43, 60), (32, 43), (0, 32, 43), (0, 43), (37,), (12, 37), (12, 37, 65), (12, 37, 56, 65), (12, 37, 56, 60, 65), (12, 32, 37, 56, 60, 65), (0, 12, 32, 37, 56, 60, 65), (0, 12, 37, 56, 60, 65), (12, 32, 37, 56, 65), (0, 12, 32, 37, 56, 65), (0, 12, 37, 56, 65), (12, 37, 60, 65), (12, 32, 37, 60, 65), (0, 12, 32, 37, 60, 65), (0, 12, 37, 60, 65), (12, 32, 37, 65), (0, 12, 32, 37, 65), (0, 12, 37, 65), (12, 37, 56), (12, 37, 56, 60), (12, 32, 37, 56, 60), (0, 12, 32, 37, 56, 60), (0, 12, 37, 56, 60), (12, 32, 37, 56), (0, 12, 32, 37, 56), (0, 12, 37, 56), (12, 37, 60), (12, 32, 37, 60), (0, 12, 32, 37, 60), (0, 12, 37, 60), (12, 32, 37), (0, 12, 32, 37), (0, 12, 37), (13, 37), (13, 37, 56), (13, 37, 56, 60), (13, 32, 37, 56, 60), (0, 13, 32, 37, 56, 60), (0, 13, 37, 56, 60), (13, 32, 37, 56), (0, 13, 32, 37, 56), (0, 13, 37, 56), (13, 37, 60), (13, 32, 37, 60), (0, 13, 32, 37, 60), (0, 13, 37, 60), (13, 32, 37), (0, 13, 32, 37), (0, 13, 37), (20, 37), (20, 37, 56), (20, 37, 56, 60), (20, 32, 37, 56, 60), (0, 20, 32, 37, 56, 60), (0, 20, 37, 56, 60), (20, 32, 37, 56), (0, 20, 32, 37, 56), (0, 20, 37, 56), (20, 37, 60), (20, 32, 37, 60), (0, 20, 32, 37, 60), (0, 20, 37, 60), (20, 32, 37), (0, 20, 32, 37), (0, 20, 37), (37, 41), (37, 41, 56), (37, 41, 56, 60), (32, 37, 41, 56, 60), (0, 32, 37, 41, 56, 60), (0, 37, 41, 56, 60), (32, 37, 41, 56), (0, 32, 37, 41, 56), (0, 37, 41, 56), (37, 41, 60), (32, 37, 41, 60), (0, 32, 37, 41, 60), (0, 37, 41, 60), (32, 37, 41), (0, 32, 37, 41), (0, 37, 41), (37, 54), (37, 54, 56), (37, 54, 56, 60), (32, 37, 54, 56, 60), (0, 32, 37, 54, 56, 60), (0, 37, 54, 56, 60), (32, 37, 54, 56), (0, 32, 37, 54, 56), (0, 37, 54, 56), (37, 54, 60), (32, 37, 54, 60), (0, 32, 37, 54, 60), (0, 37, 54, 60), (32, 37, 54), (0, 32, 37, 54), (0, 37, 54), (37, 65), (37, 56, 65), (37, 56, 60, 65), (32, 37, 56, 60, 65), (0, 32, 37, 56, 60, 65), (0, 37, 56, 60, 65), (32, 37, 56, 65), (0, 32, 37, 56, 65), (0, 37, 56, 65), (37, 60, 65), (32, 37, 60, 65), (0, 32, 37, 60, 65), (0, 37, 60, 65), (32, 37, 65), (0, 32, 37, 65), (0, 37, 65), (37, 56), (37, 56, 60), (32, 37, 56, 60), (0, 32, 37, 56, 60), (0, 37, 56, 60), (32, 37, 56), (0, 32, 37, 56), (0, 37, 56), (37, 60), (32, 37, 60), (0, 32, 37, 60), (0, 37, 60), (32, 37), (0, 32, 37), (0, 37), (10,), (10, 12), (10, 12, 65), (10, 12, 56, 65), (10, 12, 56, 60, 65), (10, 12, 32, 56, 60, 65), (0, 10, 12, 32, 56, 60, 65), (0, 10, 12, 56, 60, 65), (10, 12, 32, 56, 65), (0, 10, 12, 32, 56, 65), (0, 10, 12, 56, 65), (10, 12, 60, 65), (10, 12, 32, 60, 65), (0, 10, 12, 32, 60, 65), (0, 10, 12, 60, 65), (10, 12, 32, 65), (0, 10, 12, 32, 65), (0, 10, 12, 65), (10, 12, 56), (10, 12, 56, 60), (10, 12, 32, 56, 60), (0, 10, 12, 32, 56, 60), (0, 10, 12, 56, 60), (10, 12, 32, 56), (0, 10, 12, 32, 56), (0, 10, 12, 56), (10, 12, 60), (10, 12, 32, 60), (0, 10, 12, 32, 60), (0, 10, 12, 60), (10, 12, 32), (0, 10, 12, 32), (0, 10, 12), (10, 13), (10, 13, 56), (10, 13, 56, 60), (10, 13, 32, 56, 60), (0, 10, 13, 32, 56, 60), (0, 10, 13, 56, 60), (10, 13, 32, 56), (0, 10, 13, 32, 56), (0, 10, 13, 56), (10, 13, 60), (10, 13, 32, 60), (0, 10, 13, 32, 60), (0, 10, 13, 60), (10, 13, 32), (0, 10, 13, 32), (0, 10, 13), (10, 20), (10, 20, 56), (10, 20, 56, 60), (10, 20, 32, 56, 60), (0, 10, 20, 32, 56, 60), (0, 10, 20, 56, 60), (10, 20, 32, 56), (0, 10, 20, 32, 56), (0, 10, 20, 56), (10, 20, 60), (10, 20, 32, 60), (0, 10, 20, 32, 60), (0, 10, 20, 60), (10, 20, 32), (0, 10, 20, 32), (0, 10, 20), (10, 41), (10, 41, 56), (10, 41, 56, 60), (10, 32, 41, 56, 60), (0, 10, 32, 41, 56, 60), (0, 10, 41, 56, 60), (10, 32, 41, 56), (0, 10, 32, 41, 56), (0, 10, 41, 56), (10, 41, 60), (10, 32, 41, 60), (0, 10, 32, 41, 60), (0, 10, 41, 60), (10, 32, 41), (0, 10, 32, 41), (0, 10, 41), (10, 54), (10, 54, 56), (10, 54, 56, 60), (10, 32, 54, 56, 60), (0, 10, 32, 54, 56, 60), (0, 10, 54, 56, 60), (10, 32, 54, 56), (0, 10, 32, 54, 56), (0, 10, 54, 56), (10, 54, 60), (10, 32, 54, 60), (0, 10, 32, 54, 60), (0, 10, 54, 60), (10, 32, 54), (0, 10, 32, 54), (0, 10, 54), (10, 65), (10, 56, 65), (10, 56, 60, 65), (10, 32, 56, 60, 65), (0, 10, 32, 56, 60, 65), (0, 10, 56, 60, 65), (10, 32, 56, 65), (0, 10, 32, 56, 65), (0, 10, 56, 65), (10, 60, 65), (10, 32, 60, 65), (0, 10, 32, 60, 65), (0, 10, 60, 65), (10, 32, 65), (0, 10, 32, 65), (0, 10, 65), (10, 56), (10, 56, 60), (10, 32, 56, 60), (0, 10, 32, 56, 60), (0, 10, 56, 60), (10, 32, 56), (0, 10, 32, 56), (0, 10, 56), (10, 60), (10, 32, 60), (0, 10, 32, 60), (0, 10, 60), (10, 32), (0, 10, 32), (0, 10), (1,), (1, 12), (1, 12, 65), (1, 12, 56, 65), (1, 12, 56, 60, 65), (1, 12, 32, 56, 60, 65), (0, 1, 12, 32, 56, 60, 65), (0, 1, 12, 56, 60, 65), (1, 12, 32, 56, 65), (0, 1, 12, 32, 56, 65), (0, 1, 12, 56, 65), (1, 12, 60, 65), (1, 12, 32, 60, 65), (0, 1, 12, 32, 60, 65), (0, 1, 12, 60, 65), (1, 12, 32, 65), (0, 1, 12, 32, 65), (0, 1, 12, 65), (1, 12, 56), (1, 12, 56, 60), (1, 12, 32, 56, 60), (0, 1, 12, 32, 56, 60), (0, 1, 12, 56, 60), (1, 12, 32, 56), (0, 1, 12, 32, 56), (0, 1, 12, 56), (1, 12, 60), (1, 12, 32, 60), (0, 1, 12, 32, 60), (0, 1, 12, 60), (1, 12, 32), (0, 1, 12, 32), (0, 1, 12), (1, 13), (1, 13, 56), (1, 13, 56, 60), (1, 13, 32, 56, 60), (0, 1, 13, 32, 56, 60), (0, 1, 13, 56, 60), (1, 13, 32, 56), (0, 1, 13, 32, 56), (0, 1, 13, 56), (1, 13, 60), (1, 13, 32, 60), (0, 1, 13, 32, 60), (0, 1, 13, 60), (1, 13, 32), (0, 1, 13, 32), (0, 1, 13), (1, 20), (1, 20, 56), (1, 20, 56, 60), (1, 20, 32, 56, 60), (0, 1, 20, 32, 56, 60), (0, 1, 20, 56, 60), (1, 20, 32, 56), (0, 1, 20, 32, 56), (0, 1, 20, 56), (1, 20, 60), (1, 20, 32, 60), (0, 1, 20, 32, 60), (0, 1, 20, 60), (1, 20, 32), (0, 1, 20, 32), (0, 1, 20), (1, 41), (1, 41, 56), (1, 41, 56, 60), (1, 32, 41, 56, 60), (0, 1, 32, 41, 56, 60), (0, 1, 41, 56, 60), (1, 32, 41, 56), (0, 1, 32, 41, 56), (0, 1, 41, 56), (1, 41, 60), (1, 32, 41, 60), (0, 1, 32, 41, 60), (0, 1, 41, 60), (1, 32, 41), (0, 1, 32, 41), (0, 1, 41), (1, 54), (1, 54, 56), (1, 54, 56, 60), (1, 32, 54, 56, 60), (0, 1, 32, 54, 56, 60), (0, 1, 54, 56, 60), (1, 32, 54, 56), (0, 1, 32, 54, 56), (0, 1, 54, 56), (1, 54, 60), (1, 32, 54, 60), (0, 1, 32, 54, 60), (0, 1, 54, 60), (1, 32, 54), (0, 1, 32, 54), (0, 1, 54), (1, 65), (1, 56, 65), (1, 56, 60, 65), (1, 32, 56, 60, 65), (0, 1, 32, 56, 60, 65), (0, 1, 56, 60, 65), (1, 32, 56, 65), (0, 1, 32, 56, 65), (0, 1, 56, 65), (1, 60, 65), (1, 32, 60, 65), (0, 1, 32, 60, 65), (0, 1, 60, 65), (1, 32, 65), (0, 1, 32, 65), (0, 1, 65), (1, 56), (1, 56, 60), (1, 32, 56, 60), (0, 1, 32, 56, 60), (0, 1, 56, 60), (1, 32, 56), (0, 1, 32, 56), (0, 1, 56), (1, 60), (1, 32, 60), (0, 1, 32, 60), (0, 1, 60), (1, 32), (0, 1, 32), (0, 1)]


PCC-13:
Largest clique size:7
Cliques:
[(24,), (26,), (30,), (29,), (28,), (27,), (25,), (23,), (22,), (21,), (18,), (17,), (16,), (11,), (10,), (9,), (8,), (7,), (6,), (4,), (3,), (1,), (0,), (19,), (19, 24), (20,), (20, 26), (14,), (14, 19), (14, 19, 24), (14, 24), (15,), (15, 20), (15, 20, 26), (15, 26), (13,), (13, 14), (13, 14, 19), (13, 14, 19, 24), (13, 14, 24), (13, 19), (13, 19, 24), (13, 24), (12,), (12, 13), (12, 13, 14), (12, 13, 14, 19), (12, 13, 14, 19, 24), (12, 13, 14, 24), (12, 13, 19), (12, 13, 19, 24), (12, 13, 24), (12, 14), (12, 14, 19), (12, 14, 19, 24), (12, 14, 24), (12, 19), (12, 19, 24), (12, 24), (5,), (5, 12), (5, 12, 13), (5, 12, 13, 14), (5, 12, 13, 14, 19), (5, 12, 13, 14, 19, 24), (5, 12, 13, 14, 24), (5, 12, 13, 19), (5, 12, 13, 19, 24), (5, 12, 13, 24), (5, 12, 14), (5, 12, 14, 19), (5, 12, 14, 19, 24), (5, 12, 14, 24), (5, 12, 19), (5, 12, 19, 24), (5, 12, 24), (5, 13), (5, 13, 14), (5, 13, 14, 19), (5, 13, 14, 19, 24), (5, 13, 14, 24), (5, 13, 19), (5, 13, 19, 24), (5, 13, 24), (5, 14), (5, 14, 19), (5, 14, 19, 24), (5, 14, 24), (5, 19), (5, 19, 24), (5, 24), (2,), (2, 5), (2, 5, 12), (2, 5, 12, 13), (2, 5, 12, 13, 14), (2, 5, 12, 13, 14, 19), (2, 5, 12, 13, 14, 19, 24), (2, 5, 12, 13, 14, 24), (2, 5, 12, 13, 19), (2, 5, 12, 13, 19, 24), (2, 5, 12, 13, 24), (2, 5, 12, 14), (2, 5, 12, 14, 19), (2, 5, 12, 14, 19, 24), (2, 5, 12, 14, 24), (2, 5, 12, 19), (2, 5, 12, 19, 24), (2, 5, 12, 24), (2, 5, 13), (2, 5, 13, 14), (2, 5, 13, 14, 19), (2, 5, 13, 14, 19, 24), (2, 5, 13, 14, 24), (2, 5, 13, 19), (2, 5, 13, 19, 24), (2, 5, 13, 24), (2, 5, 14), (2, 5, 14, 19), (2, 5, 14, 19, 24), (2, 5, 14, 24), (2, 5, 19), (2, 5, 19, 24), (2, 5, 24), (2, 12), (2, 12, 13), (2, 12, 13, 14), (2, 12, 13, 14, 19), (2, 12, 13, 14, 19, 24), (2, 12, 13, 14, 24), (2, 12, 13, 19), (2, 12, 13, 19, 24), (2, 12, 13, 24), (2, 12, 14), (2, 12, 14, 19), (2, 12, 14, 19, 24), (2, 12, 14, 24), (2, 12, 19), (2, 12, 19, 24), (2, 12, 24), (2, 13), (2, 13, 14), (2, 13, 14, 19), (2, 13, 14, 19, 24), (2, 13, 14, 24), (2, 13, 19), (2, 13, 19, 24), (2, 13, 24), (2, 14), (2, 14, 19), (2, 14, 19, 24), (2, 14, 24), (2, 19), (2, 19, 24), (2, 24)]


PCC-14:
Largest clique size:3
Cliques:
[(6,), (20,), (19,), (17,), (16,), (15,), (14,), (13,), (12,), (11,), (10,), (8,), (7,), (4,), (3,), (2,), (1,), (0,), (23,), (6, 23), (18,), (6, 18), (5,), (5, 6), (22,), (5, 22), (5, 6, 22), (18, 22), (6, 18, 22), (22, 23), (6, 22, 23), (6, 22), (21,), (5, 21), (5, 6, 21), (18, 21), (6, 18, 21), (21, 23), (6, 21, 23), (6, 21), (9,), (5, 9), (5, 6, 9), (9, 18), (6, 9, 18), (9, 23), (6, 9, 23), (6, 9)]


PCC-15:
Largest clique size:3
Cliques:
[(12,), (20,), (15,), (16,), (14,), (10,), (9,), (7,), (5,), (3,), (1,), (0,), (19,), (19, 20), (12, 19), (18,), (12, 18), (17,), (15, 17), (12, 17), (2,), (2, 12), (13,), (2, 13), (2, 12, 13), (13, 18), (12, 13, 18), (13, 19), (12, 13, 19), (12, 13), (11,), (11, 17), (11, 15, 17), (11, 15), (8,), (2, 8), (2, 8, 12), (8, 18), (8, 12, 18), (8, 19), (8, 12, 19), (8, 12), (6,), (6, 19), (6, 19, 20), (6, 20), (4,), (4, 17), (4, 12, 17), (4, 12)]


PCC-16:
Largest clique size:6
Cliques:
[(28,), (30,), (29,), (27,), (26,), (25,), (24,), (23,), (22,), (19,), (18,), (17,), (15,), (13,), (11,), (9,), (7,), (6,), (5,), (4,), (3,), (2,), (1,), (21,), (21, 28), (14,), (14, 21), (14, 21, 28), (14, 28), (10,), (10, 14), (10, 14, 21), (10, 14, 21, 28), (10, 14, 28), (10, 21), (10, 21, 28), (10, 28), (20,), (10, 20), (10, 14, 20), (10, 14, 20, 21), (10, 14, 20, 21, 28), (10, 14, 20, 28), (10, 20, 21), (10, 20, 21, 28), (10, 20, 28), (14, 20), (14, 20, 21), (14, 20, 21, 28), (14, 20, 28), (20, 21), (20, 21, 28), (20, 28), (0,), (0, 10), (0, 10, 14), (0, 10, 14, 21), (0, 10, 14, 21, 28), (0, 10, 14, 28), (0, 10, 21), (0, 10, 21, 28), (0, 10, 28), (0, 14), (0, 14, 21), (0, 14, 21, 28), (0, 14, 28), (0, 21), (0, 21, 28), (0, 28), (16,), (0, 16), (0, 10, 16), (0, 10, 14, 16), (0, 10, 14, 16, 21), (0, 10, 14, 16, 21, 28), (0, 10, 14, 16, 28), (0, 10, 16, 21), (0, 10, 16, 21, 28), (0, 10, 16, 28), (0, 14, 16), (0, 14, 16, 21), (0, 14, 16, 21, 28), (0, 14, 16, 28), (0, 16, 21), (0, 16, 21, 28), (0, 16, 28), (16, 20), (10, 16, 20), (10, 14, 16, 20), (10, 14, 16, 20, 21), (10, 14, 16, 20, 21, 28), (10, 14, 16, 20, 28), (10, 16, 20, 21), (10, 16, 20, 21, 28), (10, 16, 20, 28), (14, 16, 20), (14, 16, 20, 21), (14, 16, 20, 21, 28), (14, 16, 20, 28), (16, 20, 21), (16, 20, 21, 28), (16, 20, 28), (10, 16), (10, 14, 16), (10, 14, 16, 21), (10, 14, 16, 21, 28), (10, 14, 16, 28), (10, 16, 21), (10, 16, 21, 28), (10, 16, 28), (14, 16), (14, 16, 21), (14, 16, 21, 28), (14, 16, 28), (16, 21), (16, 21, 28), (16, 28), (12,), (0, 12), (0, 10, 12), (0, 10, 12, 14), (0, 10, 12, 14, 21), (0, 10, 12, 14, 21, 28), (0, 10, 12, 14, 28), (0, 10, 12, 21), (0, 10, 12, 21, 28), (0, 10, 12, 28), (0, 12, 14), (0, 12, 14, 21), (0, 12, 14, 21, 28), (0, 12, 14, 28), (0, 12, 21), (0, 12, 21, 28), (0, 12, 28), (12, 20), (10, 12, 20), (10, 12, 14, 20), (10, 12, 14, 20, 21), (10, 12, 14, 20, 21, 28), (10, 12, 14, 20, 28), (10, 12, 20, 21), (10, 12, 20, 21, 28), (10, 12, 20, 28), (12, 14, 20), (12, 14, 20, 21), (12, 14, 20, 21, 28), (12, 14, 20, 28), (12, 20, 21), (12, 20, 21, 28), (12, 20, 28), (10, 12), (10, 12, 14), (10, 12, 14, 21), (10, 12, 14, 21, 28), (10, 12, 14, 28), (10, 12, 21), (10, 12, 21, 28), (10, 12, 28), (12, 14), (12, 14, 21), (12, 14, 21, 28), (12, 14, 28), (12, 21), (12, 21, 28), (12, 28), (8,), (0, 8), (0, 8, 10), (0, 8, 10, 14), (0, 8, 10, 14, 21), (0, 8, 10, 14, 21, 28), (0, 8, 10, 14, 28), (0, 8, 10, 21), (0, 8, 10, 21, 28), (0, 8, 10, 28), (0, 8, 14), (0, 8, 14, 21), (0, 8, 14, 21, 28), (0, 8, 14, 28), (0, 8, 21), (0, 8, 21, 28), (0, 8, 28), (8, 20), (8, 10, 20), (8, 10, 14, 20), (8, 10, 14, 20, 21), (8, 10, 14, 20, 21, 28), (8, 10, 14, 20, 28), (8, 10, 20, 21), (8, 10, 20, 21, 28), (8, 10, 20, 28), (8, 14, 20), (8, 14, 20, 21), (8, 14, 20, 21, 28), (8, 14, 20, 28), (8, 20, 21), (8, 20, 21, 28), (8, 20, 28), (8, 10), (8, 10, 14), (8, 10, 14, 21), (8, 10, 14, 21, 28), (8, 10, 14, 28), (8, 10, 21), (8, 10, 21, 28), (8, 10, 28), (8, 14), (8, 14, 21), (8, 14, 21, 28), (8, 14, 28), (8, 21), (8, 21, 28), (8, 28)]


PCC-17:
Largest clique size:5
Cliques:
[(18,), (34,), (28,), (9,), (59,), (54,), (52,), (51,), (50,), (49,), (48,), (47,), (45,), (44,), (42,), (41,), (39,), (38,), (37,), (35,), (33,), (32,), (29,), (24,), (21,), (20,), (17,), (14,), (13,), (8,), (5,), (4,), (2,), (1,), (0,), (55,), (18, 55), (46,), (18, 46), (56,), (18, 56), (27,), (18, 27), (16,), (16, 18), (12,), (12, 18), (10,), (10, 18), (57,), (18, 57), (43,), (18, 43), (36,), (18, 36), (26,), (18, 26), (19,), (19, 46), (18, 19, 46), (19, 55), (18, 19, 55), (9, 19), (19, 28), (19, 34), (18, 19), (58,), (10, 58), (10, 18, 58), (12, 58), (12, 18, 58), (16, 58), (16, 18, 58), (27, 58), (18, 27, 58), (56, 58), (18, 56, 58), (55, 58), (18, 55, 58), (18, 58), (53,), (10, 53), (10, 18, 53), (12, 53), (12, 18, 53), (16, 53), (16, 18, 53), (27, 53), (18, 27, 53), (53, 56), (18, 53, 56), (53, 55), (18, 53, 55), (18, 53), (31,), (31, 36), (18, 31, 36), (31, 43), (18, 31, 43), (31, 46), (18, 31, 46), (31, 55), (18, 31, 55), (18, 31), (22,), (22, 58), (10, 22, 58), (10, 18, 22, 58), (12, 22, 58), (12, 18, 22, 58), (16, 22, 58), (16, 18, 22, 58), (22, 27, 58), (18, 22, 27, 58), (22, 56, 58), (18, 22, 56, 58), (22, 55, 58), (18, 22, 55, 58), (18, 22, 58), (22, 26), (18, 22, 26), (22, 57), (18, 22, 57), (10, 22), (10, 18, 22), (12, 22), (12, 18, 22), (16, 22), (16, 18, 22), (22, 27), (18, 22, 27), (22, 56), (18, 22, 56), (22, 55), (18, 22, 55), (18, 22), (25,), (19, 25), (19, 25, 46), (18, 19, 25, 46), (19, 25, 55), (18, 19, 25, 55), (9, 19, 25), (19, 25, 28), (19, 25, 34), (18, 19, 25), (25, 46), (18, 25, 46), (25, 55), (18, 25, 55), (9, 25), (25, 28), (25, 34), (18, 25), (23,), (19, 23), (19, 23, 46), (18, 19, 23, 46), (19, 23, 55), (18, 19, 23, 55), (9, 19, 23), (19, 23, 28), (19, 23, 34), (18, 19, 23), (23, 46), (18, 23, 46), (23, 55), (18, 23, 55), (9, 23), (23, 28), (23, 34), (18, 23), (15,), (15, 19), (15, 19, 46), (15, 18, 19, 46), (15, 19, 55), (15, 18, 19, 55), (9, 15, 19), (15, 19, 28), (15, 19, 34), (15, 18, 19), (15, 46), (15, 18, 46), (15, 55), (15, 18, 55), (9, 15), (15, 28), (15, 34), (15, 18), (7,), (7, 19), (7, 19, 46), (7, 18, 19, 46), (7, 19, 55), (7, 18, 19, 55), (7, 9, 19), (7, 19, 28), (7, 19, 34), (7, 18, 19), (7, 46), (7, 18, 46), (7, 55), (7, 18, 55), (7, 9), (7, 28), (7, 34), (7, 18), (6,), (6, 19), (6, 19, 46), (6, 18, 19, 46), (6, 19, 55), (6, 18, 19, 55), (6, 9, 19), (6, 19, 28), (6, 19, 34), (6, 18, 19), (6, 46), (6, 18, 46), (6, 55), (6, 18, 55), (6, 9), (6, 28), (6, 34), (6, 18), (3,), (3, 19), (3, 19, 46), (3, 18, 19, 46), (3, 19, 55), (3, 18, 19, 55), (3, 9, 19), (3, 19, 28), (3, 19, 34), (3, 18, 19), (3, 46), (3, 18, 46), (3, 55), (3, 18, 55), (3, 9), (3, 28), (3, 34), (3, 18), (40,), (22, 40), (22, 40, 58), (22, 40, 55, 58), (18, 22, 40, 55, 58), (18, 22, 40, 58), (22, 40, 55), (18, 22, 40, 55), (18, 22, 40), (40, 53), (40, 53, 55), (18, 40, 53, 55), (18, 40, 53), (40, 58), (40, 55, 58), (18, 40, 55, 58), (18, 40, 58), (19, 40), (19, 40, 46), (18, 19, 40, 46), (19, 40, 55), (18, 19, 40, 55), (9, 19, 40), (19, 28, 40), (19, 34, 40), (18, 19, 40), (40, 46), (18, 40, 46), (40, 55), (18, 40, 55), (9, 40), (28, 40), (34, 40), (18, 40), (30,), (22, 30), (22, 30, 58), (22, 30, 55, 58), (18, 22, 30, 55, 58), (18, 22, 30, 58), (22, 30, 55), (18, 22, 30, 55), (18, 22, 30), (30, 53), (30, 53, 55), (18, 30, 53, 55), (18, 30, 53), (30, 58), (30, 55, 58), (18, 30, 55, 58), (18, 30, 58), (19, 30), (19, 30, 46), (18, 19, 30, 46), (19, 30, 55), (18, 19, 30, 55), (9, 19, 30), (19, 28, 30), (19, 30, 34), (18, 19, 30), (30, 46), (18, 30, 46), (30, 55), (18, 30, 55), (9, 30), (28, 30), (30, 34), (18, 30), (11,), (11, 22), (11, 22, 58), (11, 22, 55, 58), (11, 18, 22, 55, 58), (11, 18, 22, 58), (11, 22, 55), (11, 18, 22, 55), (11, 18, 22), (11, 53), (11, 53, 55), (11, 18, 53, 55), (11, 18, 53), (11, 58), (11, 55, 58), (11, 18, 55, 58), (11, 18, 58), (11, 19), (11, 19, 46), (11, 18, 19, 46), (11, 19, 55), (11, 18, 19, 55), (9, 11, 19), (11, 19, 28), (11, 19, 34), (11, 18, 19), (11, 46), (11, 18, 46), (11, 55), (11, 18, 55), (9, 11), (11, 28), (11, 34), (11, 18)]


PCC-18:
Largest clique size:8
Cliques:
[(2,), (20,), (23,), (25,), (46,), (45,), (43,), (38,), (36,), (35,), (31,), (26,), (24,), (18,), (14,), (3,), (10,), (10, 25), (2, 10), (12,), (12, 20), (33,), (20, 33), (13,), (13, 23), (11,), (11, 20), (28,), (28, 46), (2, 28), (29,), (2, 29), (17,), (17, 23), (5,), (5, 28), (5, 28, 46), (2, 5, 28), (5, 10), (2, 5, 10), (5, 46), (2, 5), (40,), (12, 40), (12, 20, 40), (20, 40), (0,), (0, 12), (0, 12, 20), (0, 20), (48,), (17, 48), (17, 23, 48), (13, 48), (13, 23, 48), (23, 48), (8,), (8, 10), (8, 10, 25), (2, 8, 10), (8, 25), (2, 8), (41,), (13, 41), (13, 23, 41), (23, 41), (34,), (13, 34), (13, 23, 34), (23, 34), (15,), (5, 15), (5, 10, 15), (2, 5, 10, 15), (2, 5, 15), (10, 15), (10, 15, 25), (2, 10, 15), (15, 25), (2, 15), (39,), (5, 39), (5, 10, 39), (2, 5, 10, 39), (2, 5, 39), (10, 39), (2, 10, 39), (2, 39), (1,), (1, 5), (1, 5, 10), (1, 2, 5, 10), (1, 2, 5), (1, 10), (1, 2, 10), (1, 2), (44,), (0, 44), (0, 12, 44), (0, 12, 20, 44), (0, 20, 44), (40, 44), (12, 40, 44), (12, 20, 40, 44), (20, 40, 44), (11, 44), (11, 20, 44), (33, 44), (20, 33, 44), (12, 44), (12, 20, 44), (20, 44), (22,), (0, 22), (0, 12, 22), (0, 12, 20, 22), (0, 20, 22), (22, 40), (12, 22, 40), (12, 20, 22, 40), (20, 22, 40), (11, 22), (11, 20, 22), (22, 33), (20, 22, 33), (12, 22), (12, 20, 22), (20, 22), (21,), (0, 21), (0, 12, 21), (0, 12, 20, 21), (0, 20, 21), (21, 40), (12, 21, 40), (12, 20, 21, 40), (20, 21, 40), (11, 21), (11, 20, 21), (21, 33), (20, 21, 33), (12, 21), (12, 20, 21), (20, 21), (19,), (19, 48), (17, 19, 48), (17, 19, 23, 48), (13, 19, 48), (13, 19, 23, 48), (19, 23, 48), (17, 19), (17, 19, 23), (13, 19), (13, 19, 23), (19, 23), (9,), (0, 9), (0, 9, 12), (0, 9, 12, 20), (0, 9, 20), (9, 40), (9, 12, 40), (9, 12, 20, 40), (9, 20, 40), (9, 11), (9, 11, 20), (9, 33), (9, 20, 33), (9, 12), (9, 12, 20), (9, 20), (37,), (1, 37), (1, 5, 37), (1, 5, 10, 37), (1, 2, 5, 10, 37), (1, 2, 5, 37), (1, 10, 37), (1, 2, 10, 37), (1, 2, 37), (37, 39), (5, 37, 39), (5, 10, 37, 39), (2, 5, 10, 37, 39), (2, 5, 37, 39), (10, 37, 39), (2, 10, 37, 39), (2, 37, 39), (15, 37), (5, 15, 37), (5, 10, 15, 37), (2, 5, 10, 15, 37), (2, 5, 15, 37), (10, 15, 37), (2, 10, 15, 37), (2, 15, 37), (5, 37), (5, 28, 37), (2, 5, 28, 37), (5, 10, 37), (2, 5, 10, 37), (2, 5, 37), (29, 37), (2, 29, 37), (28, 37), (2, 28, 37), (10, 37), (2, 10, 37), (2, 37), (47,), (15, 47), (5, 15, 47), (5, 10, 15, 47), (2, 5, 10, 15, 47), (2, 5, 15, 47), (10, 15, 47), (2, 10, 15, 47), (2, 15, 47), (5, 47), (5, 10, 47), (2, 5, 10, 47), (2, 5, 47), (10, 47), (2, 10, 47), (2, 47), (30,), (15, 30), (5, 15, 30), (5, 10, 15, 30), (2, 5, 10, 15, 30), (2, 5, 15, 30), (10, 15, 30), (2, 10, 15, 30), (2, 15, 30), (5, 30), (5, 10, 30), (2, 5, 10, 30), (2, 5, 30), (10, 30), (2, 10, 30), (2, 30), (7,), (7, 15), (5, 7, 15), (5, 7, 10, 15), (2, 5, 7, 10, 15), (2, 5, 7, 15), (7, 10, 15), (2, 7, 10, 15), (2, 7, 15), (5, 7), (5, 7, 10), (2, 5, 7, 10), (2, 5, 7), (7, 10), (2, 7, 10), (2, 7), (6,), (6, 15), (5, 6, 15), (5, 6, 10, 15), (2, 5, 6, 10, 15), (2, 5, 6, 15), (6, 10, 15), (2, 6, 10, 15), (2, 6, 15), (5, 6), (5, 6, 10), (2, 5, 6, 10), (2, 5, 6), (6, 10), (2, 6, 10), (2, 6), (4,), (4, 15), (4, 5, 15), (4, 5, 10, 15), (2, 4, 5, 10, 15), (2, 4, 5, 15), (4, 10, 15), (2, 4, 10, 15), (2, 4, 15), (4, 5), (4, 5, 10), (2, 4, 5, 10), (2, 4, 5), (4, 10), (2, 4, 10), (2, 4), (32,), (32, 37), (15, 32, 37), (5, 15, 32, 37), (5, 10, 15, 32, 37), (2, 5, 10, 15, 32, 37), (2, 5, 15, 32, 37), (10, 15, 32, 37), (2, 10, 15, 32, 37), (2, 15, 32, 37), (5, 32, 37), (5, 28, 32, 37), (2, 5, 28, 32, 37), (5, 10, 32, 37), (2, 5, 10, 32, 37), (2, 5, 32, 37), (29, 32, 37), (2, 29, 32, 37), (28, 32, 37), (2, 28, 32, 37), (10, 32, 37), (2, 10, 32, 37), (2, 32, 37), (15, 32), (5, 15, 32), (5, 10, 15, 32), (2, 5, 10, 15, 32), (2, 5, 15, 32), (10, 15, 32), (2, 10, 15, 32), (2, 15, 32), (5, 32), (5, 28, 32), (2, 5, 28, 32), (5, 10, 32), (2, 5, 10, 32), (2, 5, 32), (29, 32), (2, 29, 32), (28, 32), (2, 28, 32), (10, 32), (2, 10, 32), (2, 32), (27,), (27, 32), (27, 32, 37), (15, 27, 32, 37), (5, 15, 27, 32, 37), (5, 10, 15, 27, 32, 37), (2, 5, 10, 15, 27, 32, 37), (2, 5, 15, 27, 32, 37), (10, 15, 27, 32, 37), (2, 10, 15, 27, 32, 37), (2, 15, 27, 32, 37), (5, 27, 32, 37), (5, 10, 27, 32, 37), (2, 5, 10, 27, 32, 37), (2, 5, 27, 32, 37), (10, 27, 32, 37), (2, 10, 27, 32, 37), (2, 27, 32, 37), (15, 27, 32), (5, 15, 27, 32), (5, 10, 15, 27, 32), (2, 5, 10, 15, 27, 32), (2, 5, 15, 27, 32), (10, 15, 27, 32), (2, 10, 15, 27, 32), (2, 15, 27, 32), (5, 27, 32), (5, 10, 27, 32), (2, 5, 10, 27, 32), (2, 5, 27, 32), (10, 27, 32), (2, 10, 27, 32), (2, 27, 32), (27, 37), (15, 27, 37), (5, 15, 27, 37), (5, 10, 15, 27, 37), (2, 5, 10, 15, 27, 37), (2, 5, 15, 27, 37), (10, 15, 27, 37), (2, 10, 15, 27, 37), (2, 15, 27, 37), (5, 27, 37), (5, 10, 27, 37), (2, 5, 10, 27, 37), (2, 5, 27, 37), (10, 27, 37), (2, 10, 27, 37), (2, 27, 37), (15, 27), (5, 15, 27), (5, 10, 15, 27), (2, 5, 10, 15, 27), (2, 5, 15, 27), (10, 15, 27), (2, 10, 15, 27), (2, 15, 27), (8, 27), (8, 10, 27), (2, 8, 10, 27), (2, 8, 27), (5, 27), (5, 10, 27), (2, 5, 10, 27), (2, 5, 27), (10, 27), (2, 10, 27), (2, 27), (42,), (27, 42), (27, 32, 42), (27, 32, 37, 42), (15, 27, 32, 37, 42), (5, 15, 27, 32, 37, 42), (5, 10, 15, 27, 32, 37, 42), (2, 5, 10, 15, 27, 32, 37, 42), (2, 5, 15, 27, 32, 37, 42), (10, 15, 27, 32, 37, 42), (2, 10, 15, 27, 32, 37, 42), (2, 15, 27, 32, 37, 42), (5, 27, 32, 37, 42), (5, 10, 27, 32, 37, 42), (2, 5, 10, 27, 32, 37, 42), (2, 5, 27, 32, 37, 42), (10, 27, 32, 37, 42), (2, 10, 27, 32, 37, 42), (2, 27, 32, 37, 42), (15, 27, 32, 42), (5, 15, 27, 32, 42), (5, 10, 15, 27, 32, 42), (2, 5, 10, 15, 27, 32, 42), (2, 5, 15, 27, 32, 42), (10, 15, 27, 32, 42), (2, 10, 15, 27, 32, 42), (2, 15, 27, 32, 42), (5, 27, 32, 42), (5, 10, 27, 32, 42), (2, 5, 10, 27, 32, 42), (2, 5, 27, 32, 42), (10, 27, 32, 42), (2, 10, 27, 32, 42), (2, 27, 32, 42), (27, 37, 42), (15, 27, 37, 42), (5, 15, 27, 37, 42), (5, 10, 15, 27, 37, 42), (2, 5, 10, 15, 27, 37, 42), (2, 5, 15, 27, 37, 42), (10, 15, 27, 37, 42), (2, 10, 15, 27, 37, 42), (2, 15, 27, 37, 42), (5, 27, 37, 42), (5, 10, 27, 37, 42), (2, 5, 10, 27, 37, 42), (2, 5, 27, 37, 42), (10, 27, 37, 42), (2, 10, 27, 37, 42), (2, 27, 37, 42), (15, 27, 42), (5, 15, 27, 42), (5, 10, 15, 27, 42), (2, 5, 10, 15, 27, 42), (2, 5, 15, 27, 42), (10, 15, 27, 42), (2, 10, 15, 27, 42), (2, 15, 27, 42), (5, 27, 42), (5, 10, 27, 42), (2, 5, 10, 27, 42), (2, 5, 27, 42), (10, 27, 42), (2, 10, 27, 42), (2, 27, 42), (32, 42), (32, 37, 42), (15, 32, 37, 42), (5, 15, 32, 37, 42), (5, 10, 15, 32, 37, 42), (2, 5, 10, 15, 32, 37, 42), (2, 5, 15, 32, 37, 42), (10, 15, 32, 37, 42), (2, 10, 15, 32, 37, 42), (2, 15, 32, 37, 42), (5, 32, 37, 42), (5, 10, 32, 37, 42), (2, 5, 10, 32, 37, 42), (2, 5, 32, 37, 42), (10, 32, 37, 42), (2, 10, 32, 37, 42), (2, 32, 37, 42), (15, 32, 42), (5, 15, 32, 42), (5, 10, 15, 32, 42), (2, 5, 10, 15, 32, 42), (2, 5, 15, 32, 42), (10, 15, 32, 42), (2, 10, 15, 32, 42), (2, 15, 32, 42), (5, 32, 42), (5, 10, 32, 42), (2, 5, 10, 32, 42), (2, 5, 32, 42), (10, 32, 42), (2, 10, 32, 42), (2, 32, 42), (37, 42), (15, 37, 42), (5, 15, 37, 42), (5, 10, 15, 37, 42), (2, 5, 10, 15, 37, 42), (2, 5, 15, 37, 42), (10, 15, 37, 42), (2, 10, 15, 37, 42), (2, 15, 37, 42), (5, 37, 42), (5, 10, 37, 42), (2, 5, 10, 37, 42), (2, 5, 37, 42), (10, 37, 42), (2, 10, 37, 42), (2, 37, 42), (15, 42), (5, 15, 42), (5, 10, 15, 42), (2, 5, 10, 15, 42), (2, 5, 15, 42), (10, 15, 42), (2, 10, 15, 42), (2, 15, 42), (5, 42), (5, 10, 42), (2, 5, 10, 42), (2, 5, 42), (10, 42), (2, 10, 42), (2, 42), (16,), (16, 27), (16, 27, 32), (16, 27, 32, 37), (15, 16, 27, 32, 37), (5, 15, 16, 27, 32, 37), (5, 10, 15, 16, 27, 32, 37), (2, 5, 10, 15, 16, 27, 32, 37), (2, 5, 15, 16, 27, 32, 37), (10, 15, 16, 27, 32, 37), (2, 10, 15, 16, 27, 32, 37), (2, 15, 16, 27, 32, 37), (5, 16, 27, 32, 37), (5, 10, 16, 27, 32, 37), (2, 5, 10, 16, 27, 32, 37), (2, 5, 16, 27, 32, 37), (10, 16, 27, 32, 37), (2, 10, 16, 27, 32, 37), (2, 16, 27, 32, 37), (15, 16, 27, 32), (5, 15, 16, 27, 32), (5, 10, 15, 16, 27, 32), (2, 5, 10, 15, 16, 27, 32), (2, 5, 15, 16, 27, 32), (10, 15, 16, 27, 32), (2, 10, 15, 16, 27, 32), (2, 15, 16, 27, 32), (5, 16, 27, 32), (5, 10, 16, 27, 32), (2, 5, 10, 16, 27, 32), (2, 5, 16, 27, 32), (10, 16, 27, 32), (2, 10, 16, 27, 32), (2, 16, 27, 32), (16, 27, 37), (15, 16, 27, 37), (5, 15, 16, 27, 37), (5, 10, 15, 16, 27, 37), (2, 5, 10, 15, 16, 27, 37), (2, 5, 15, 16, 27, 37), (10, 15, 16, 27, 37), (2, 10, 15, 16, 27, 37), (2, 15, 16, 27, 37), (5, 16, 27, 37), (5, 10, 16, 27, 37), (2, 5, 10, 16, 27, 37), (2, 5, 16, 27, 37), (10, 16, 27, 37), (2, 10, 16, 27, 37), (2, 16, 27, 37), (15, 16, 27), (5, 15, 16, 27), (5, 10, 15, 16, 27), (2, 5, 10, 15, 16, 27), (2, 5, 15, 16, 27), (10, 15, 16, 27), (2, 10, 15, 16, 27), (2, 15, 16, 27), (5, 16, 27), (5, 10, 16, 27), (2, 5, 10, 16, 27), (2, 5, 16, 27), (10, 16, 27), (2, 10, 16, 27), (2, 16, 27), (16, 32), (16, 32, 37), (15, 16, 32, 37), (5, 15, 16, 32, 37), (5, 10, 15, 16, 32, 37), (2, 5, 10, 15, 16, 32, 37), (2, 5, 15, 16, 32, 37), (10, 15, 16, 32, 37), (2, 10, 15, 16, 32, 37), (2, 15, 16, 32, 37), (5, 16, 32, 37), (5, 10, 16, 32, 37), (2, 5, 10, 16, 32, 37), (2, 5, 16, 32, 37), (10, 16, 32, 37), (2, 10, 16, 32, 37), (2, 16, 32, 37), (15, 16, 32), (5, 15, 16, 32), (5, 10, 15, 16, 32), (2, 5, 10, 15, 16, 32), (2, 5, 15, 16, 32), (10, 15, 16, 32), (2, 10, 15, 16, 32), (2, 15, 16, 32), (5, 16, 32), (5, 10, 16, 32), (2, 5, 10, 16, 32), (2, 5, 16, 32), (10, 16, 32), (2, 10, 16, 32), (2, 16, 32), (16, 37), (15, 16, 37), (5, 15, 16, 37), (5, 10, 15, 16, 37), (2, 5, 10, 15, 16, 37), (2, 5, 15, 16, 37), (10, 15, 16, 37), (2, 10, 15, 16, 37), (2, 15, 16, 37), (5, 16, 37), (5, 10, 16, 37), (2, 5, 10, 16, 37), (2, 5, 16, 37), (10, 16, 37), (2, 10, 16, 37), (2, 16, 37), (15, 16), (5, 15, 16), (5, 10, 15, 16), (2, 5, 10, 15, 16), (2, 5, 15, 16), (10, 15, 16), (2, 10, 15, 16), (2, 15, 16), (5, 16), (5, 10, 16), (2, 5, 10, 16), (2, 5, 16), (10, 16), (2, 10, 16), (2, 16)]


PCC-19:
Largest clique size:5
Cliques:
[(32,), (28,), (22,), (35,), (34,), (33,), (31,), (30,), (29,), (24,), (23,), (21,), (20,), (16,), (14,), (13,), (12,), (7,), (2,), (19,), (19, 32), (9,), (9, 32), (17,), (17, 22), (27,), (27, 32), (18,), (18, 32), (11,), (11, 19), (11, 19, 32), (11, 28), (11, 32), (15,), (15, 17), (15, 17, 22), (15, 22), (25,), (9, 25), (9, 25, 32), (25, 32), (10,), (9, 10), (9, 10, 32), (10, 32), (6,), (6, 19), (6, 19, 32), (6, 32), (5,), (5, 27), (5, 27, 32), (5, 32), (3,), (3, 19), (3, 19, 32), (3, 32), (0,), (0, 9), (0, 9, 32), (0, 32), (1,), (1, 11), (1, 11, 19), (1, 11, 19, 32), (1, 11, 28), (1, 11, 32), (1, 19), (1, 19, 32), (1, 28), (1, 32), (26,), (1, 26), (1, 11, 26), (1, 11, 19, 26), (1, 11, 19, 26, 32), (1, 11, 26, 28), (1, 11, 26, 32), (1, 19, 26), (1, 19, 26, 32), (1, 26, 28), (1, 26, 32), (15, 26), (15, 17, 26), (15, 17, 22, 26), (15, 22, 26), (11, 26), (11, 19, 26), (11, 19, 26, 32), (11, 26, 28), (11, 26, 32), (17, 26), (17, 22, 26), (19, 26), (19, 26, 32), (22, 26), (26, 28), (26, 32), (8,), (1, 8), (1, 8, 11), (1, 8, 11, 19), (1, 8, 11, 19, 32), (1, 8, 11, 28), (1, 8, 11, 32), (1, 8, 19), (1, 8, 19, 32), (1, 8, 28), (1, 8, 32), (8, 11), (8, 11, 19), (8, 11, 19, 32), (8, 11, 28), (8, 11, 32), (8, 19), (8, 19, 32), (8, 28), (8, 32), (4,), (1, 4), (1, 4, 11), (1, 4, 11, 19), (1, 4, 11, 19, 32), (1, 4, 11, 28), (1, 4, 11, 32), (1, 4, 19), (1, 4, 19, 32), (1, 4, 28), (1, 4, 32), (4, 11), (4, 11, 19), (4, 11, 19, 32), (4, 11, 28), (4, 11, 32), (4, 19), (4, 19, 32), (4, 28), (4, 32)]


PCC-20:
Largest clique size:4
Cliques:
[(34,), (22,), (43,), (28,), (41,), (39,), (38,), (37,), (36,), (35,), (33,), (32,), (31,), (29,), (27,), (26,), (23,), (20,), (17,), (16,), (15,), (14,), (13,), (10,), (9,), (8,), (7,), (6,), (4,), (3,), (2,), (1,), (30,), (30, 34), (19,), (19, 22), (18,), (18, 28), (18, 43), (12,), (12, 28), (12, 43), (5,), (5, 30), (5, 30, 34), (5, 34), (40,), (19, 40), (19, 22, 40), (22, 40), (25,), (19, 25), (19, 22, 25), (22, 25), (42,), (5, 42), (5, 30, 42), (5, 30, 34, 42), (5, 34, 42), (30, 42), (30, 34, 42), (34, 42), (24,), (5, 24), (5, 24, 30), (5, 24, 30, 34), (5, 24, 34), (24, 30), (24, 30, 34), (24, 34), (21,), (5, 21), (5, 21, 30), (5, 21, 30, 34), (5, 21, 34), (21, 30), (21, 30, 34), (21, 34), (11,), (11, 25), (11, 19, 25), (11, 19, 22, 25), (11, 22, 25), (11, 40), (11, 19, 40), (11, 19, 22, 40), (11, 22, 40), (11, 19), (11, 19, 22), (11, 22), (0,), (0, 25), (0, 19, 25), (0, 19, 22, 25), (0, 22, 25), (0, 40), (0, 19, 40), (0, 19, 22, 40), (0, 22, 40), (0, 19), (0, 19, 22), (0, 22)]


PCC-21:
Largest clique size:4
Cliques:
[(17,), (28,), (26,), (20,), (68,), (67,), (66,), (65,), (63,), (61,), (60,), (59,), (57,), (56,), (55,), (54,), (52,), (51,), (50,), (49,), (46,), (44,), (41,), (40,), (38,), (36,), (33,), (32,), (30,), (27,), (24,), (22,), (19,), (15,), (11,), (10,), (9,), (8,), (7,), (4,), (3,), (2,), (0,), (31,), (17, 31), (18,), (17, 18), (5,), (5, 17), (16,), (16, 17), (53,), (17, 53), (35,), (17, 35), (1,), (1, 17), (48,), (20, 48), (26, 48), (28, 48), (45,), (20, 45), (26, 45), (28, 45), (43,), (20, 43), (26, 43), (28, 43), (39,), (20, 39), (26, 39), (28, 39), (13,), (13, 16), (13, 16, 17), (13, 17), (58,), (18, 58), (17, 18, 58), (31, 58), (17, 31, 58), (17, 58), (37,), (18, 37), (17, 18, 37), (31, 37), (17, 31, 37), (17, 37), (62,), (1, 62), (1, 17, 62), (35, 62), (17, 35, 62), (53, 62), (17, 53, 62), (5, 62), (5, 17, 62), (18, 62), (17, 18, 62), (31, 62), (17, 31, 62), (17, 62), (42,), (5, 42), (5, 17, 42), (18, 42), (17, 18, 42), (31, 42), (17, 31, 42), (17, 42), (23,), (5, 23), (5, 17, 23), (18, 23), (17, 18, 23), (23, 31), (17, 23, 31), (17, 23), (6,), (1, 6), (1, 6, 17), (6, 35), (6, 17, 35), (6, 53), (6, 17, 53), (5, 6), (5, 6, 17), (6, 18), (6, 17, 18), (6, 31), (6, 17, 31), (6, 17), (70,), (13, 70), (13, 16, 70), (13, 16, 17, 70), (13, 17, 70), (39, 70), (20, 39, 70), (26, 39, 70), (28, 39, 70), (43, 70), (20, 43, 70), (26, 43, 70), (28, 43, 70), (45, 70), (20, 45, 70), (26, 45, 70), (28, 45, 70), (48, 70), (20, 48, 70), (26, 48, 70), (28, 48, 70), (16, 70), (16, 17, 70), (20, 70), (26, 70), (28, 70), (17, 70), (69,), (37, 69), (18, 37, 69), (17, 18, 37, 69), (31, 37, 69), (17, 31, 37, 69), (17, 37, 69), (58, 69), (18, 58, 69), (17, 18, 58, 69), (31, 58, 69), (17, 31, 58, 69), (17, 58, 69), (5, 69), (5, 17, 69), (18, 69), (17, 18, 69), (31, 69), (17, 31, 69), (17, 69), (64,), (37, 64), (18, 37, 64), (17, 18, 37, 64), (31, 37, 64), (17, 31, 37, 64), (17, 37, 64), (58, 64), (18, 58, 64), (17, 18, 58, 64), (31, 58, 64), (17, 31, 58, 64), (17, 58, 64), (5, 64), (5, 17, 64), (18, 64), (17, 18, 64), (31, 64), (17, 31, 64), (17, 64), (47,), (13, 47), (13, 16, 47), (13, 16, 17, 47), (13, 17, 47), (16, 47), (16, 17, 47), (17, 47), (34,), (34, 37), (18, 34, 37), (17, 18, 34, 37), (31, 34, 37), (17, 31, 34, 37), (17, 34, 37), (34, 58), (18, 34, 58), (17, 18, 34, 58), (31, 34, 58), (17, 31, 34, 58), (17, 34, 58), (5, 34), (5, 17, 34), (18, 34), (17, 18, 34), (31, 34), (17, 31, 34), (17, 34), (29,), (13, 29), (13, 16, 29), (13, 16, 17, 29), (13, 17, 29), (16, 29), (16, 17, 29), (17, 29), (25,), (13, 25), (13, 16, 25), (13, 16, 17, 25), (13, 17, 25), (16, 25), (16, 17, 25), (17, 25), (21,), (21, 37), (18, 21, 37), (17, 18, 21, 37), (21, 31, 37), (17, 21, 31, 37), (17, 21, 37), (21, 58), (18, 21, 58), (17, 18, 21, 58), (21, 31, 58), (17, 21, 31, 58), (17, 21, 58), (5, 21), (5, 17, 21), (18, 21), (17, 18, 21), (21, 31), (17, 21, 31), (17, 21), (14,), (13, 14), (13, 14, 16), (13, 14, 16, 17), (13, 14, 17), (14, 16), (14, 16, 17), (14, 17), (12,), (12, 13), (12, 13, 16), (12, 13, 16, 17), (12, 13, 17), (12, 16), (12, 16, 17), (12, 17)]


PCC-22:
Largest clique size:3
Cliques:
[(42,), (61,), (60,), (59,), (58,), (57,), (56,), (55,), (54,), (53,), (52,), (50,), (49,), (48,), (47,), (46,), (45,), (44,), (40,), (39,), (38,), (37,), (36,), (35,), (33,), (31,), (30,), (29,), (28,), (27,), (25,), (23,), (22,), (21,), (20,), (18,), (17,), (15,), (14,), (13,), (12,), (11,), (10,), (9,), (7,), (6,), (4,), (3,), (2,), (1,), (16,), (16, 42), (5,), (5, 42), (0,), (0, 42), (32,), (32, 42), (19,), (19, 42), (62,), (19, 62), (19, 42, 62), (32, 62), (32, 42, 62), (42, 62), (51,), (0, 51), (0, 42, 51), (5, 51), (5, 42, 51), (16, 51), (16, 42, 51), (42, 51), (43,), (19, 43), (19, 42, 43), (32, 43), (32, 42, 43), (42, 43), (41,), (0, 41), (0, 41, 42), (5, 41), (5, 41, 42), (16, 41), (16, 41, 42), (41, 42), (34,), (0, 34), (0, 34, 42), (5, 34), (5, 34, 42), (16, 34), (16, 34, 42), (34, 42), (26,), (0, 26), (0, 26, 42), (5, 26), (5, 26, 42), (16, 26), (16, 26, 42), (26, 42), (24,), (0, 24), (0, 24, 42), (5, 24), (5, 24, 42), (16, 24), (16, 24, 42), (24, 42), (8,), (8, 19), (8, 19, 42), (8, 32), (8, 32, 42), (8, 42)]


PCC-23:
Largest clique size:3
Cliques:
[(15,), (16,), (13,), (12,), (10,), (9,), (7,), (6,), (5,), (4,), (3,), (2,), (1,), (0,), (8,), (8, 15), (14,), (8, 14), (8, 14, 15), (14, 15), (11,), (8, 11), (8, 11, 15), (11, 15)]


PCC-24:
Largest clique size:6
Cliques:
[(24,), (2,), (22,), (17,), (16,), (15,), (14,), (10,), (9,), (7,), (3,), (1,), (0,), (4,), (4, 24), (23,), (4, 23), (4, 23, 24), (23, 24), (21,), (4, 21), (4, 21, 24), (21, 24), (5,), (4, 5), (4, 5, 24), (5, 24), (12,), (12, 21), (4, 12, 21), (4, 12, 21, 24), (12, 21, 24), (12, 23), (4, 12, 23), (4, 12, 23, 24), (12, 23, 24), (4, 12), (4, 12, 24), (2, 12), (12, 24), (20,), (20, 21), (4, 20, 21), (4, 20, 21, 24), (20, 21, 24), (20, 23), (4, 20, 23), (4, 20, 23, 24), (20, 23, 24), (4, 20), (4, 20, 24), (20, 24), (13,), (13, 21), (4, 13, 21), (4, 13, 21, 24), (13, 21, 24), (13, 23), (4, 13, 23), (4, 13, 23, 24), (13, 23, 24), (4, 13), (4, 13, 24), (13, 24), (8,), (8, 21), (4, 8, 21), (4, 8, 21, 24), (8, 21, 24), (8, 23), (4, 8, 23), (4, 8, 23, 24), (8, 23, 24), (4, 8), (4, 8, 24), (8, 24), (25,), (12, 25), (12, 21, 25), (4, 12, 21, 25), (4, 12, 21, 24, 25), (12, 21, 24, 25), (12, 23, 25), (4, 12, 23, 25), (4, 12, 23, 24, 25), (12, 23, 24, 25), (4, 12, 25), (4, 12, 24, 25), (2, 12, 25), (12, 24, 25), (21, 25), (4, 21, 25), (4, 21, 24, 25), (21, 24, 25), (23, 25), (4, 23, 25), (4, 23, 24, 25), (23, 24, 25), (4, 25), (4, 24, 25), (2, 25), (24, 25), (6,), (6, 12), (6, 12, 21), (4, 6, 12, 21), (4, 6, 12, 21, 24), (6, 12, 21, 24), (6, 12, 23), (4, 6, 12, 23), (4, 6, 12, 23, 24), (6, 12, 23, 24), (4, 6, 12), (4, 6, 12, 24), (6, 12, 24), (5, 6), (4, 5, 6), (4, 5, 6, 24), (5, 6, 24), (6, 21), (4, 6, 21), (4, 6, 21, 24), (6, 21, 24), (6, 23), (4, 6, 23), (4, 6, 23, 24), (6, 23, 24), (4, 6), (4, 6, 24), (6, 24), (19,), (19, 25), (12, 19, 25), (12, 19, 21, 25), (4, 12, 19, 21, 25), (4, 12, 19, 21, 24, 25), (12, 19, 21, 24, 25), (12, 19, 23, 25), (4, 12, 19, 23, 25), (4, 12, 19, 23, 24, 25), (12, 19, 23, 24, 25), (4, 12, 19, 25), (4, 12, 19, 24, 25), (2, 12, 19, 25), (12, 19, 24, 25), (19, 21, 25), (4, 19, 21, 25), (4, 19, 21, 24, 25), (19, 21, 24, 25), (19, 23, 25), (4, 19, 23, 25), (4, 19, 23, 24, 25), (19, 23, 24, 25), (4, 19, 25), (4, 19, 24, 25), (2, 19, 25), (19, 24, 25), (12, 19), (12, 19, 21), (4, 12, 19, 21), (4, 12, 19, 21, 24), (12, 19, 21, 24), (12, 19, 23), (4, 12, 19, 23), (4, 12, 19, 23, 24), (12, 19, 23, 24), (4, 12, 19), (4, 12, 19, 24), (2, 12, 19), (12, 19, 24), (19, 21), (4, 19, 21), (4, 19, 21, 24), (19, 21, 24), (19, 23), (4, 19, 23), (4, 19, 23, 24), (19, 23, 24), (4, 19), (4, 19, 24), (2, 19), (19, 24), (18,), (18, 25), (12, 18, 25), (12, 18, 21, 25), (4, 12, 18, 21, 25), (4, 12, 18, 21, 24, 25), (12, 18, 21, 24, 25), (12, 18, 23, 25), (4, 12, 18, 23, 25), (4, 12, 18, 23, 24, 25), (12, 18, 23, 24, 25), (4, 12, 18, 25), (4, 12, 18, 24, 25), (2, 12, 18, 25), (12, 18, 24, 25), (18, 21, 25), (4, 18, 21, 25), (4, 18, 21, 24, 25), (18, 21, 24, 25), (18, 23, 25), (4, 18, 23, 25), (4, 18, 23, 24, 25), (18, 23, 24, 25), (4, 18, 25), (4, 18, 24, 25), (2, 18, 25), (18, 24, 25), (12, 18), (12, 18, 21), (4, 12, 18, 21), (4, 12, 18, 21, 24), (12, 18, 21, 24), (12, 18, 23), (4, 12, 18, 23), (4, 12, 18, 23, 24), (12, 18, 23, 24), (4, 12, 18), (4, 12, 18, 24), (2, 12, 18), (12, 18, 24), (18, 21), (4, 18, 21), (4, 18, 21, 24), (18, 21, 24), (18, 23), (4, 18, 23), (4, 18, 23, 24), (18, 23, 24), (4, 18), (4, 18, 24), (2, 18), (18, 24), (11,), (11, 25), (11, 12, 25), (11, 12, 21, 25), (4, 11, 12, 21, 25), (4, 11, 12, 21, 24, 25), (11, 12, 21, 24, 25), (11, 12, 23, 25), (4, 11, 12, 23, 25), (4, 11, 12, 23, 24, 25), (11, 12, 23, 24, 25), (4, 11, 12, 25), (4, 11, 12, 24, 25), (2, 11, 12, 25), (11, 12, 24, 25), (11, 21, 25), (4, 11, 21, 25), (4, 11, 21, 24, 25), (11, 21, 24, 25), (11, 23, 25), (4, 11, 23, 25), (4, 11, 23, 24, 25), (11, 23, 24, 25), (4, 11, 25), (4, 11, 24, 25), (2, 11, 25), (11, 24, 25), (11, 12), (11, 12, 21), (4, 11, 12, 21), (4, 11, 12, 21, 24), (11, 12, 21, 24), (11, 12, 23), (4, 11, 12, 23), (4, 11, 12, 23, 24), (11, 12, 23, 24), (4, 11, 12), (4, 11, 12, 24), (2, 11, 12), (11, 12, 24), (11, 21), (4, 11, 21), (4, 11, 21, 24), (11, 21, 24), (11, 23), (4, 11, 23), (4, 11, 23, 24), (11, 23, 24), (4, 11), (4, 11, 24), (2, 11), (11, 24)]


PCC-25:
Largest clique size:2
Cliques:
[(22,), (27,), (26,), (25,), (24,), (23,), (21,), (20,), (19,), (18,), (17,), (16,), (15,), (14,), (13,), (12,), (11,), (9,), (8,), (7,), (6,), (5,), (4,), (3,), (2,), (1,), (0,), (10,), (10, 22)]


PCC-26:
Largest clique size:1
Cliques:
[(27,), (26,), (25,), (24,), (23,), (22,), (21,), (20,), (19,), (18,), (17,), (16,), (15,), (14,), (13,), (12,), (11,), (10,), (9,), (8,), (7,), (6,), (5,), (4,), (3,), (2,), (1,), (0,)]


PCC-27:
Largest clique size:3
Cliques:
[(5,), (8,), (4,), (2,), (1,), (0,), (3,), (3, 5), (7,), (3, 7), (3, 5, 7), (5, 7), (6,), (3, 6), (3, 5, 6), (5, 6)]


PCC-28:
Largest clique size:3
Cliques:
[(9,), (24,), (23,), (21,), (20,), (19,), (18,), (17,), (16,), (15,), (14,), (13,), (12,), (11,), (10,), (8,), (7,), (6,), (3,), (2,), (0,), (1,), (1, 9), (25,), (1, 25), (1, 9, 25), (9, 25), (22,), (1, 22), (1, 9, 22), (9, 22), (5,), (1, 5), (1, 5, 9), (5, 9), (4,), (1, 4), (1, 4, 9), (4, 9)]


PCC-29:
Largest clique size:6
Cliques:
[(9,), (5,), (5, 9), (10,), (9, 10), (7,), (7, 9), (4,), (4, 5), (4, 5, 9), (4, 9), (8,), (7, 8), (7, 8, 9), (8, 10), (8, 9, 10), (8, 9), (6,), (6, 7), (6, 7, 9), (6, 10), (6, 9, 10), (6, 9), (1,), (1, 7), (1, 7, 9), (1, 10), (1, 9, 10), (1, 9), (3,), (3, 4), (3, 4, 5), (3, 4, 5, 9), (3, 4, 9), (3, 5), (3, 5, 9), (3, 9), (2,), (2, 3), (2, 3, 4), (2, 3, 4, 5), (2, 3, 4, 5, 9), (2, 3, 4, 9), (2, 3, 5), (2, 3, 5, 9), (2, 3, 9), (2, 4), (2, 4, 5), (2, 4, 5, 9), (2, 4, 9), (2, 5), (2, 5, 9), (2, 9), (0,), (0, 2), (0, 2, 3), (0, 2, 3, 4), (0, 2, 3, 4, 5), (0, 2, 3, 4, 5, 9), (0, 2, 3, 4, 9), (0, 2, 3, 5), (0, 2, 3, 5, 9), (0, 2, 3, 9), (0, 2, 4), (0, 2, 4, 5), (0, 2, 4, 5, 9), (0, 2, 4, 9), (0, 2, 5), (0, 2, 5, 9), (0, 2, 9), (0, 3), (0, 3, 4), (0, 3, 4, 5), (0, 3, 4, 5, 9), (0, 3, 4, 9), (0, 3, 5), (0, 3, 5, 9), (0, 3, 9), (0, 4), (0, 4, 5), (0, 4, 5, 9), (0, 4, 9), (0, 5), (0, 5, 9), (0, 9)]


PCC-30:
Largest clique size:5
Cliques:
[(2,), (29,), (27,), (19,), (16,), (1,), (36,), (24,), (22,), (20,), (17,), (15,), (14,), (13,), (11,), (8,), (7,), (5,), (3,), (0,), (34,), (1, 34), (2, 34), (33,), (16, 33), (19, 33), (29, 33), (2, 33), (30,), (2, 30), (32,), (27, 32), (18,), (18, 27), (6,), (6, 34), (2, 6, 34), (2, 6), (25,), (25, 33), (16, 25, 33), (19, 25, 33), (25, 29, 33), (2, 25, 33), (16, 25), (19, 25), (25, 29), (2, 25), (21,), (18, 21), (18, 21, 27), (21, 32), (21, 27, 32), (21, 27), (10,), (10, 18), (10, 18, 27), (10, 32), (10, 27, 32), (10, 27), (12,), (6, 12), (6, 12, 34), (2, 6, 12, 34), (2, 6, 12), (12, 34), (1, 12, 34), (2, 12, 34), (1, 12), (2, 12), (31,), (6, 31), (6, 31, 34), (2, 6, 31, 34), (2, 6, 31), (30, 31), (2, 30, 31), (31, 34), (2, 31, 34), (2, 31), (28,), (6, 28), (6, 28, 34), (2, 6, 28, 34), (2, 6, 28), (28, 30), (2, 28, 30), (28, 34), (2, 28, 34), (2, 28), (26,), (25, 26), (25, 26, 33), (16, 25, 26, 33), (19, 25, 26, 33), (25, 26, 29, 33), (2, 25, 26, 33), (16, 25, 26), (19, 25, 26), (25, 26, 29), (2, 25, 26), (26, 33), (16, 26, 33), (19, 26, 33), (26, 29, 33), (2, 26, 33), (16, 26), (19, 26), (26, 29), (2, 26), (9,), (9, 25), (9, 25, 33), (9, 16, 25, 33), (9, 19, 25, 33), (9, 25, 29, 33), (2, 9, 25, 33), (9, 16, 25), (9, 19, 25), (9, 25, 29), (2, 9, 25), (9, 33), (9, 16, 33), (9, 19, 33), (9, 29, 33), (2, 9, 33), (9, 16), (9, 19), (9, 29), (2, 9), (4,), (4, 6), (4, 6, 34), (2, 4, 6, 34), (2, 4, 6), (4, 30), (2, 4, 30), (4, 34), (2, 4, 34), (2, 4), (35,), (12, 35), (6, 12, 35), (6, 12, 34, 35), (2, 6, 12, 34, 35), (2, 6, 12, 35), (12, 34, 35), (1, 12, 34, 35), (2, 12, 34, 35), (1, 12, 35), (2, 12, 35), (6, 35), (6, 34, 35), (2, 6, 34, 35), (2, 6, 35), (34, 35), (1, 34, 35), (2, 34, 35), (1, 35), (2, 35), (23,), (12, 23), (6, 12, 23), (6, 12, 23, 34), (2, 6, 12, 23, 34), (2, 6, 12, 23), (12, 23, 34), (1, 12, 23, 34), (2, 12, 23, 34), (1, 12, 23), (2, 12, 23), (6, 23), (6, 23, 34), (2, 6, 23, 34), (2, 6, 23), (23, 34), (1, 23, 34), (2, 23, 34), (1, 23), (2, 23)]


PCC-31:
Largest clique size:4
Cliques:
[(30,), (32,), (17,), (13,), (12,), (34,), (33,), (29,), (28,), (27,), (25,), (22,), (21,), (19,), (16,), (15,), (14,), (10,), (8,), (6,), (5,), (4,), (3,), (2,), (1,), (0,), (26,), (26, 30), (24,), (12, 24), (13, 24), (17, 24), (24, 32), (23,), (12, 23), (13, 23), (17, 23), (23, 32), (18,), (12, 18), (13, 18), (17, 18), (18, 32), (7,), (7, 12), (7, 13), (7, 17), (7, 32), (9,), (9, 26), (9, 26, 30), (9, 30), (31,), (9, 31), (9, 26, 31), (9, 26, 30, 31), (9, 30, 31), (26, 31), (26, 30, 31), (30, 31), (20,), (9, 20), (9, 20, 26), (9, 20, 26, 30), (9, 20, 30), (20, 26), (20, 26, 30), (20, 30), (11,), (9, 11), (9, 11, 26), (9, 11, 26, 30), (9, 11, 30), (11, 26), (11, 26, 30), (11, 30)]


PCC-32:
Largest clique size:1
Cliques:
[(4,), (3,), (2,), (1,), (0,)]


PCC-33:
Largest clique size:3
Cliques:
[(11,), (15,), (13,), (12,), (10,), (9,), (8,), (7,), (4,), (3,), (2,), (1,), (0,), (5,), (5, 11), (14,), (5, 14), (5, 11, 14), (11, 14), (6,), (5, 6), (5, 6, 11), (6, 11)]


PCC-34:
Largest clique size:3
Cliques:
[(9,), (8,), (7,), (0,), (10,), (9, 10), (5,), (5, 9), (3,), (3, 9), (6,), (3, 6), (3, 6, 9), (5, 6), (5, 6, 9), (6, 10), (6, 9, 10), (6, 9), (4,), (3, 4), (3, 4, 9), (4, 5), (4, 5, 9), (4, 10), (4, 9, 10), (4, 9), (2,), (2, 3), (2, 3, 9), (2, 5), (2, 5, 9), (2, 10), (2, 9, 10), (2, 9), (1,), (1, 3), (1, 3, 9), (1, 5), (1, 5, 9), (1, 10), (1, 9, 10), (1, 9)]


PCC-35:
Largest clique size:1
Cliques:
[(13,), (12,), (11,), (10,), (9,), (8,), (7,), (6,), (5,), (4,), (3,), (2,), (1,), (0,)]


PCC-36:
Largest clique size:1
Cliques:
[(14,), (13,), (12,), (11,), (10,), (9,), (8,), (7,), (6,), (5,), (4,), (3,), (2,), (1,), (0,)]


PCC-37:
Largest clique size:1
Cliques:
[(7,), (6,), (5,), (4,), (3,), (2,), (1,), (0,)]


PCC-38:
Largest clique size:1
Cliques:
[(2,), (1,), (0,)]


PCC-39:
Largest clique size:4
Cliques:
[(6,), (7,), (4,), (1,), (1, 6), (5,), (5, 6), (2,), (2, 5), (2, 5, 6), (2, 6), (8,), (1, 8), (1, 6, 8), (6, 8), (3,), (1, 3), (1, 3, 6), (3, 6), (0,), (0, 2), (0, 2, 5), (0, 2, 5, 6), (0, 2, 6), (0, 5), (0, 5, 6), (0, 1), (0, 1, 6), (0, 6)]


PCC-40:
Largest clique size:3
Cliques:
[(11,), (23,), (22,), (21,), (20,), (17,), (16,), (15,), (14,), (13,), (12,), (10,), (7,), (6,), (5,), (4,), (3,), (2,), (1,), (0,), (9,), (9, 11), (19,), (9, 19), (9, 11, 19), (11, 19), (18,), (9, 18), (9, 11, 18), (11, 18), (8,), (8, 9), (8, 9, 11), (8, 11)]


PCC-41:
Largest clique size:1
Cliques:
[(18,), (17,), (16,), (15,), (14,), (13,), (12,), (11,), (10,), (9,), (8,), (7,), (6,), (5,), (4,), (3,), (2,), (1,), (0,)]


PCC-42:
Largest clique size:3
Cliques:
[(2,), (9,), (6,), (4,), (1,), (8,), (2, 8), (3,), (2, 3), (7,), (3, 7), (2, 3, 7), (7, 8), (2, 7, 8), (2, 7), (5,), (3, 5), (2, 3, 5), (5, 8), (2, 5, 8), (2, 5), (0,), (0, 3), (0, 2, 3), (0, 8), (0, 2, 8), (0, 2)]


PCC-43:
Largest clique size:3
Cliques:
[(9,), (7,), (6,), (5,), (4,), (3,), (0,), (2,), (2, 9), (8,), (2, 8), (2, 8, 9), (8, 9), (1,), (1, 2), (1, 2, 9), (1, 9)]


PCC-44:
Largest clique size:3
Cliques:
[(5,), (1,), (0,), (3,), (3, 5), (4,), (3, 4), (3, 4, 5), (4, 5), (2,), (2, 3), (2, 3, 5), (2, 5)]


PCC-45:
Largest clique size:6
Cliques:
[(1,), (5,), (17,), (16,), (15,), (13,), (11,), (3,), (2,), (0,), (19,), (1, 19), (9,), (1, 9), (10,), (5, 10), (4,), (4, 5), (20,), (19, 20), (1, 19, 20), (1, 20), (14,), (9, 14), (1, 9, 14), (14, 19), (1, 14, 19), (1, 14), (12,), (9, 12), (1, 9, 12), (12, 19), (1, 12, 19), (1, 12), (18,), (18, 20), (18, 19, 20), (1, 18, 19, 20), (1, 18, 20), (9, 18), (1, 9, 18), (18, 19), (1, 18, 19), (1, 18), (8,), (8, 18), (8, 18, 20), (8, 18, 19, 20), (1, 8, 18, 19, 20), (1, 8, 18, 20), (8, 18, 19), (1, 8, 18, 19), (1, 8, 18), (8, 20), (8, 19, 20), (1, 8, 19, 20), (1, 8, 20), (8, 19), (1, 8, 19), (1, 8), (7,), (7, 8), (7, 8, 18), (7, 8, 18, 20), (7, 8, 18, 19, 20), (1, 7, 8, 18, 19, 20), (1, 7, 8, 18, 20), (7, 8, 18, 19), (1, 7, 8, 18, 19), (1, 7, 8, 18), (7, 8, 20), (7, 8, 19, 20), (1, 7, 8, 19, 20), (1, 7, 8, 20), (7, 8, 19), (1, 7, 8, 19), (1, 7, 8), (7, 18), (7, 18, 20), (7, 18, 19, 20), (1, 7, 18, 19, 20), (1, 7, 18, 20), (7, 18, 19), (1, 7, 18, 19), (1, 7, 18), (7, 20), (7, 19, 20), (1, 7, 19, 20), (1, 7, 20), (7, 19), (1, 7, 19), (1, 7), (6,), (6, 8), (6, 8, 18), (6, 8, 18, 20), (6, 8, 18, 19, 20), (1, 6, 8, 18, 19, 20), (1, 6, 8, 18, 20), (6, 8, 18, 19), (1, 6, 8, 18, 19), (1, 6, 8, 18), (6, 8, 20), (6, 8, 19, 20), (1, 6, 8, 19, 20), (1, 6, 8, 20), (6, 8, 19), (1, 6, 8, 19), (1, 6, 8), (6, 18), (6, 18, 20), (6, 18, 19, 20), (1, 6, 18, 19, 20), (1, 6, 18, 20), (6, 18, 19), (1, 6, 18, 19), (1, 6, 18), (6, 20), (6, 19, 20), (1, 6, 19, 20), (1, 6, 20), (6, 19), (1, 6, 19), (1, 6)]


PCC-46:
Largest clique size:1
Cliques:
[(4,), (3,), (2,), (1,), (0,)]


PCC-47:
Largest clique size:5
Cliques:
[(5,), (3,), (1,), (1, 5), (6,), (1, 6), (1, 5, 6), (5, 6), (8,), (1, 8), (1, 5, 8), (3, 8), (5, 8), (0,), (0, 6), (0, 1, 6), (0, 1, 5, 6), (0, 5, 6), (0, 1), (0, 1, 5), (0, 5), (7,), (0, 7), (0, 6, 7), (0, 1, 6, 7), (0, 1, 5, 6, 7), (0, 5, 6, 7), (0, 1, 7), (0, 1, 5, 7), (0, 5, 7), (6, 7), (1, 6, 7), (1, 5, 6, 7), (5, 6, 7), (1, 7), (1, 5, 7), (5, 7), (4,), (0, 4), (0, 4, 6), (0, 1, 4, 6), (0, 1, 4, 5, 6), (0, 4, 5, 6), (0, 1, 4), (0, 1, 4, 5), (0, 4, 5), (4, 6), (1, 4, 6), (1, 4, 5, 6), (4, 5, 6), (1, 4), (1, 4, 5), (4, 5), (2,), (0, 2), (0, 2, 6), (0, 1, 2, 6), (0, 1, 2, 5, 6), (0, 2, 5, 6), (0, 1, 2), (0, 1, 2, 5), (0, 2, 5), (2, 8), (1, 2, 8), (1, 2, 5, 8), (2, 3, 8), (2, 5, 8), (2, 6), (1, 2, 6), (1, 2, 5, 6), (2, 5, 6), (1, 2), (1, 2, 5), (2, 3), (2, 5)]


PCC-48:
Largest clique size:1
Cliques:
[(9,), (8,), (7,), (6,), (5,), (4,), (3,), (2,), (1,), (0,)]


PCC-49:
Largest clique size:1
Cliques:
[(11,), (10,), (9,), (8,), (7,), (6,), (5,), (4,), (3,), (2,), (1,), (0,)]


PCC-50:
Largest clique size:1
Cliques:
[(3,), (2,), (1,), (0,)]


PCC-51:
Largest clique size:2
Cliques:
[(2,), (1,), (1, 2), (0,), (0, 2)]


PCC-52:
Largest clique size:4
Cliques:
[(8,), (3,), (3, 8), (6,), (3, 6), (3, 6, 8), (6, 8), (4,), (3, 4), (3, 4, 8), (4, 8), (1,), (1, 3), (1, 3, 8), (1, 8), (0,), (0, 3), (0, 3, 8), (0, 8), (10,), (0, 10), (0, 3, 10), (0, 3, 8, 10), (0, 8, 10), (1, 10), (1, 3, 10), (1, 3, 8, 10), (1, 8, 10), (4, 10), (3, 4, 10), (3, 4, 8, 10), (4, 8, 10), (6, 10), (3, 6, 10), (3, 6, 8, 10), (6, 8, 10), (3, 10), (3, 8, 10), (8, 10), (9,), (0, 9), (0, 3, 9), (0, 3, 8, 9), (0, 8, 9), (1, 9), (1, 3, 9), (1, 3, 8, 9), (1, 8, 9), (4, 9), (3, 4, 9), (3, 4, 8, 9), (4, 8, 9), (6, 9), (3, 6, 9), (3, 6, 8, 9), (6, 8, 9), (3, 9), (3, 8, 9), (8, 9), (7,), (0, 7), (0, 3, 7), (0, 3, 7, 8), (0, 7, 8), (1, 7), (1, 3, 7), (1, 3, 7, 8), (1, 7, 8), (4, 7), (3, 4, 7), (3, 4, 7, 8), (4, 7, 8), (6, 7), (3, 6, 7), (3, 6, 7, 8), (6, 7, 8), (3, 7), (3, 7, 8), (7, 8), (5,), (0, 5), (0, 3, 5), (0, 3, 5, 8), (0, 5, 8), (1, 5), (1, 3, 5), (1, 3, 5, 8), (1, 5, 8), (4, 5), (3, 4, 5), (3, 4, 5, 8), (4, 5, 8), (5, 6), (3, 5, 6), (3, 5, 6, 8), (5, 6, 8), (3, 5), (3, 5, 8), (5, 8), (2,), (0, 2), (0, 2, 3), (0, 2, 3, 8), (0, 2, 8), (1, 2), (1, 2, 3), (1, 2, 3, 8), (1, 2, 8), (2, 4), (2, 3, 4), (2, 3, 4, 8), (2, 4, 8), (2, 6), (2, 3, 6), (2, 3, 6, 8), (2, 6, 8), (2, 3), (2, 3, 8), (2, 8)]


PCC-53:
Largest clique size:4
Cliques:
[(12,), (15,), (11,), (9,), (8,), (6,), (5,), (4,), (1,), (0,), (10,), (10, 12), (3,), (3, 10), (3, 10, 12), (3, 12), (16,), (3, 16), (3, 10, 16), (3, 10, 12, 16), (3, 12, 16), (10, 16), (10, 12, 16), (12, 16), (14,), (3, 14), (3, 10, 14), (3, 10, 12, 14), (3, 12, 14), (10, 14), (10, 12, 14), (12, 14), (13,), (3, 13), (3, 10, 13), (3, 10, 12, 13), (3, 12, 13), (10, 13), (10, 12, 13), (12, 13), (7,), (3, 7), (3, 7, 10), (3, 7, 10, 12), (3, 7, 12), (7, 10), (7, 10, 12), (7, 12), (2,), (2, 3), (2, 3, 10), (2, 3, 10, 12), (2, 3, 12), (2, 10), (2, 10, 12), (2, 12)]


PCC-54:
Largest clique size:1
Cliques:
[(11,), (10,), (9,), (8,), (7,), (6,), (5,), (4,), (3,), (2,), (1,), (0,)]

